[0m [0m [0m [0m [0m [0m [0m [0m [0m [0m [38;2;0;0;0;48;2;0;0;0m▀[38;2;0;0;0;48;2;0;0;0m▀[38;2;0;0;0;48;2;0;0;0m▀[38;2;0;0;0;48;2;0;0;0m▀[38;2;0;0;0;48;2;0;0;0m▀[38;2;0;0;0;48;2;0;0;0m▀[38;2;0;0;0;48;2;0;0;0m▀[38;2;0;0;0;48;2;0;0;0m▀[38;2;0;0;0;48;2;0;0;0m▀[38;2;0;0;0;48;2;0;0;0m▀[0m [0m [0m [0m [0m [0m [0m [0m [0m [0m [0m [0m [0m
[0m [0m [0m [0m [0m [0m [0m [0m [38;2;0;0;0;48;2;0;0;0m▀[38;2;0;0;0;48;2;0;0;0m▀[38;2;120;88;128;48;2;120;88;128m▀[38;2;120;88;128;48;2;120;88;128m▀[38;2;224;224;240;48;2;224;224;240m▀[38;2;224;224;240;48;2;224;224;240m▀[38;2;176;184;200;48;2;176;184;200m▀[38;2;176;184;200;48;2;176;184;200m▀[38;2;72;56;72;48;2;72;56;72m▀[38;2;72;56;72;48;2;72;56;72m▀[38;2;72;56;72;48;2;72;56;72m▀[38;2;72;56;72;48;2;72;56;72m▀[38;2;0;0;0;48;2;0;0;0m▀[38;2;0;0;0;48;2;0;0;0m▀[0m [0m [0m [0m [0m [0m [0m [0m [0m [0m [0m
[0m [0m [0m [0m [38;2;0;0;0;48;2;0;0;0m▀[38;2;0;0;0;48;2;0;0;0m▀[0m [0m [38;2;0;0;0;48;2;0;0;0m▀[38;2;0;0;0;48;2;0;0;0m▀[38;2;224;224;240;48;2;224;224;240m▀[38;2;224;224;240;48;2;224;224;240m▀[38;2;120;88;128;48;2;120;88;128m▀[38;2;120;88;128;48;2;120;88;128m▀[38;2;72;56;72;48;2;72;56;72m▀[38;2;72;56;72;48;2;72;56;72m▀[38;2;224;160;0;48;2;224;160;0m▀[38;2;224;160;0;48;2;224;160;0m▀[38;2;72;56;72;48;2;72;56;72m▀[38;2;72;56;72;48;2;72;56;72m▀[38;2;0;0;0;48;2;0;0;0m▀[38;2;0;0;0;48;2;0;0;0m▀[0m [0m [38;2;0;0;0;48;2;0;0;0m▀[38;2;0;0;0;48;2;0;0;0m▀[0m [0m [0m [0m [0m [0m [0m
[0m [0m [0m [0m [38;2;0;0;0;48;2;0;0;0m▀[38;2;0;0;0;48;2;0;0;0m▀[38;2;0;0;0;48;2;0;0;0m▀[38;2;0;0;0;48;2;0;0;0m▀[38;2;120;88;128;48;2;120;88;128m▀[38;2;120;88;128;48;2;120;88;128m▀[38;2;176;184;200;48;2;176;184;200m▀[38;2;176;184;200;48;2;176;184;200m▀[38;2;136;144;152;48;2;136;144;152m▀[38;2;136;144;152;48;2;136;144;152m▀[38;2;224;160;0;48;2;224;160;0m▀[38;2;224;160;0;48;2;224;160;0m▀[38;2;0;0;0;48;2;0;0;0m▀[38;2;0;0;0;48;2;0;0;0m▀[38;2;200;104;0;48;2;200;104;0m▀[38;2;200;104;0;48;2;200;104;0m▀[38;2;72;56;72;48;2;72;56;72m▀[38;2;72;56;72;48;2;72;56;72m▀[38;2;0;0;0;48;2;0;0;0m▀[38;2;0;0;0;48;2;0;0;0m▀[38;2;0;0;0;48;2;0;0;0m▀[38;2;0;0;0;48;2;0;0;0m▀[0m [0m [0m [0m [0m [0m [0m
[0m [0m [0m [0m [0m [0m [38;2;0;0;0;48;2;0;0;0m▀[38;2;0;0;0;48;2;0;0;0m▀[38;2;248;216;0;48;2;248;216;0m▀[38;2;248;216;0;48;2;248;216;0m▀[38;2;248;216;0;48;2;248;216;0m▀[38;2;248;216;0;48;2;248;216;0m▀[38;2;224;160;0;48;2;224;160;0m▀[38;2;224;160;0;48;2;224;160;0m▀[38;2;0;0;0;48;2;0;0;0m▀[38;2;0;0;0;48;2;0;0;0m▀[38;2;40;128;224;48;2;40;128;224m▀[38;2;40;128;224;48;2;40;128;224m▀[38;2;0;0;0;48;2;0;0;0m▀[38;2;0;0;0;48;2;0;0;0m▀[38;2;200;104;0;48;2;200;104;0m▀[38;2;200;104;0;48;2;200;104;0m▀[38;2;0;0;0;48;2;0;0;0m▀[38;2;0;0;0;48;2;0;0;0m▀[0m [0m [0m [0m [0m [0m [0m [0m [0m
[0m [0m [0m [0m [0m [0m [0m [0m [38;2;0;0;0;48;2;0;0;0m▀[38;2;0;0;0;48;2;0;0;0m▀[38;2;0;0;0;48;2;0;0;0m▀[38;2;0;0;0;48;2;0;0;0m▀[38;2;0;0;0;48;2;0;0;0m▀[38;2;0;0;0;48;2;0;0;0m▀[38;2;40;128;224;48;2;40;128;224m▀[38;2;40;128;224;48;2;40;128;224m▀[38;2;224;224;240;48;2;224;224;240m▀[38;2;224;224;240;48;2;224;224;240m▀[38;2;0;0;0;48;2;0;0;0m▀[38;2;0;0;0;48;2;0;0;0m▀[38;2;0;0;0;48;2;0;0;0m▀[38;2;0;0;0;48;2;0;0;0m▀[0m [0m [0m [0m [0m [0m [0m [0m [0m [0m [0m
[0m [0m [0m [0m [0m [0m [0m [0m [0m [0m [38;2;0;0;0;48;2;0;0;0m▀[38;2;0;0;0;48;2;0;0;0m▀[38;2;0;0;0;48;2;0;0;0m▀[38;2;0;0;0;48;2;0;0;0m▀[38;2;0;0;0;48;2;0;0;0m▀[38;2;0;0;0;48;2;0;0;0m▀[38;2;0;0;0;48;2;0;0;0m▀[38;2;0;0;0;48;2;0;0;0m▀[38;2;0;0;0;48;2;0;0;0m▀[38;2;0;0;0;48;2;0;0;0m▀[38;2;200;104;0;48;2;200;104;0m▀[38;2;200;104;0;48;2;200;104;0m▀[38;2;0;0;0;48;2;0;0;0m▀[38;2;0;0;0;48;2;0;0;0m▀[0m [0m [0m [0m [0m [0m [0m [0m [0m
[0m [0m [0m [0m [0m [0m [0m [0m [38;2;0;0;0;48;2;0;0;0m▀[38;2;0;0;0;48;2;0;0;0m▀[38;2;248;216;0;48;2;248;216;0m▀[38;2;248;216;0;48;2;248;216;0m▀[38;2;224;160;0;48;2;224;160;0m▀[38;2;224;160;0;48;2;224;160;0m▀[38;2;224;160;0;48;2;224;160;0m▀[38;2;224;160;0;48;2;224;160;0m▀[38;2;200;104;0;48;2;200;104;0m▀[38;2;200;104;0;48;2;200;104;0m▀[38;2;0;0;0;48;2;0;0;0m▀[38;2;0;0;0;48;2;0;0;0m▀[38;2;0;0;0;48;2;0;0;0m▀[38;2;0;0;0;48;2;0;0;0m▀[0m [0m [0m [0m [0m [0m [0m [0m [0m [0m [0m
[0m [0m [0m [0m [0m [0m [38;2;0;0;0;48;2;0;0;0m▀[38;2;0;0;0;48;2;0;0;0m▀[38;2;168;32;16;48;2;168;32;16m▀[38;2;168;32;16;48;2;168;32;16m▀[38;2;0;0;0;48;2;0;0;0m▀[38;2;0;0;0;48;2;0;0;0m▀[38;2;0;0;0;48;2;0;0;0m▀[38;2;0;0;0;48;2;0;0;0m▀[38;2;0;0;0;48;2;0;0;0m▀[38;2;0;0;0;48;2;0;0;0m▀[38;2;0;0;0;48;2;0;0;0m▀[38;2;0;0;0;48;2;0;0;0m▀[38;2;168;32;16;48;2;168;32;16m▀[38;2;168;32;16;48;2;168;32;16m▀[38;2;0;0;0;48;2;0;0;0m▀[38;2;0;0;0;48;2;0;0;0m▀[38;2;0;0;0;48;2;0;0;0m▀[38;2;0;0;0;48;2;0;0;0m▀[0m [0m [0m [0m [0m [0m [0m [0m [0m
[0m [0m [0m [0m [0m [0m [38;2;136;0;0;48;2;136;0;0m▀[38;2;136;0;0;48;2;136;0;0m▀[38;2;0;0;0;48;2;0;0;0m▀[38;2;0;0;0;48;2;0;0;0m▀[38;2;248;216;0;48;2;248;216;0m▀[38;2;248;216;0;48;2;248;216;0m▀[38;2;120;88;128;48;2;120;88;128m▀[38;2;120;88;128;48;2;120;88;128m▀[38;2;88;64;96;48;2;88;64;96m▀[38;2;88;64;96;48;2;88;64;96m▀[38;2;248;216;0;48;2;248;216;0m▀[38;2;248;216;0;48;2;248;216;0m▀[38;2;0;0;0;48;2;0;0;0m▀[38;2;0;0;0;48;2;0;0;0m▀[38;2;104;112;104;48;2;104;112;104m▀[38;2;104;112;104;48;2;104;112;104m▀[38;2;160;176;160;48;2;160;176;160m▀[38;2;160;176;160;48;2;160;176;160m▀[38;2;0;0;0;48;2;0;0;0m▀[38;2;0;0;0;48;2;0;0;0m▀[0m [0m [0m [0m [0m [0m [0m
[0m [0m [38;2;224;160;0;48;2;224;160;0m▀[38;2;224;160;0;48;2;224;160;0m▀[38;2;200;104;0;48;2;200;104;0m▀[38;2;200;104;0;48;2;200;104;0m▀[0m [0m [38;2;0;0;0;48;2;0;0;0m▀[38;2;0;0;0;48;2;0;0;0m▀[38;2;104;112;104;48;2;104;112;104m▀[38;2;104;112;104;48;2;104;112;104m▀[38;2;224;224;240;48;2;224;224;240m▀[38;2;224;224;240;48;2;224;224;240m▀[38;2;136;144;152;48;2;136;144;152m▀[38;2;136;144;152;48;2;136;144;152m▀[38;2;64;64;56;48;2;64;64;56m▀[38;2;64;64;56;48;2;64;64;56m▀[38;2;0;0;0;48;2;0;0;0m▀[38;2;0;0;0;48;2;0;0;0m▀[38;2;160;176;160;48;2;160;176;160m▀[38;2;160;176;160;48;2;160;176;160m▀[38;2;104;112;104;48;2;104;112;104m▀[38;2;104;112;104;48;2;104;112;104m▀[38;2;80;80;80;48;2;80;80;80m▀[38;2;80;80;80;48;2;80;80;80m▀[38;2;0;0;0;48;2;0;0;0m▀[38;2;0;0;0;48;2;0;0;0m▀[0m [0m [0m [0m [0m
[38;2;248;216;0;48;2;248;216;0m▀[38;2;248;216;0;48;2;248;216;0m▀[0m [0m [0m [0m [0m [0m [38;2;0;0;0;48;2;0;0;0m▀[38;2;0;0;0;48;2;0;0;0m▀[38;2;248;216;0;48;2;248;216;0m▀[38;2;248;216;0;48;2;248;216;0m▀[38;2;120;88;128;48;2;120;88;128m▀[38;2;120;88;128;48;2;120;88;128m▀[38;2;88;64;96;48;2;88;64;96m▀[38;2;88;64;96;48;2;88;64;96m▀[38;2;248;216;0;48;2;248;216;0m▀[38;2;248;216;0;48;2;248;216;0m▀[38;2;0;0;0;48;2;0;0;0m▀[38;2;0;0;0;48;2;0;0;0m▀[38;2;0;0;0;48;2;0;0;0m▀[38;2;0;0;0;48;2;0;0;0m▀[38;2;80;80;80;48;2;80;80;80m▀[38;2;80;80;80;48;2;80;80;80m▀[38;2;104;112;104;48;2;104;112;104m▀[38;2;104;112;104;48;2;104;112;104m▀[38;2;80;80;80;48;2;80;80;80m▀[38;2;80;80;80;48;2;80;80;80m▀[38;2;0;0;0;48;2;0;0;0m▀[38;2;0;0;0;48;2;0;0;0m▀[38;2;0;0;0;48;2;0;0;0m▀[38;2;0;0;0;48;2;0;0;0m▀[0m
[38;2;200;104;0;48;2;200;104;0m▀[38;2;200;104;0;48;2;200;104;0m▀[38;2;224;160;0;48;2;224;160;0m▀[38;2;224;160;0;48;2;224;160;0m▀[0m [0m [0m [0m [38;2;0;0;0;48;2;0;0;0m▀[38;2;0;0;0;48;2;0;0;0m▀[38;2;0;0;0;48;2;0;0;0m▀[38;2;0;0;0;48;2;0;0;0m▀[38;2;248;216;0;48;2;248;216;0m▀[38;2;248;216;0;48;2;248;216;0m▀[38;2;248;216;0;48;2;248;216;0m▀[38;2;248;216;0;48;2;248;216;0m▀[38;2;0;0;0;48;2;0;0;0m▀[38;2;0;0;0;48;2;0;0;0m▀[38;2;0;0;0;48;2;0;0;0m▀[38;2;0;0;0;48;2;0;0;0m▀[0m [0m [38;2;0;0;0;48;2;0;0;0m▀[38;2;0;0;0;48;2;0;0;0m▀[38;2;80;80;80;48;2;80;80;80m▀[38;2;80;80;80;48;2;80;80;80m▀[38;2;0;0;0;48;2;0;0;0m▀[38;2;0;0;0;48;2;0;0;0m▀[38;2;0;0;0;48;2;0;0;0m▀[38;2;0;0;0;48;2;0;0;0m▀[0m [0m [0m
[0m [0m [0m [0m [0m [0m [0m [0m [38;2;0;0;0;48;2;0;0;0m▀[38;2;0;0;0;48;2;0;0;0m▀[38;2;104;96;88;48;2;104;96;88m▀[38;2;104;96;88;48;2;104;96;88m▀[38;2;0;0;0;48;2;0;0;0m▀[38;2;0;0;0;48;2;0;0;0m▀[38;2;0;0;0;48;2;0;0;0m▀[38;2;0;0;0;48;2;0;0;0m▀[38;2;104;96;88;48;2;104;96;88m▀[38;2;104;96;88;48;2;104;96;88m▀[38;2;0;0;0;48;2;0;0;0m▀[38;2;0;0;0;48;2;0;0;0m▀[0m [0m [0m [0m [38;2;0;0;0;48;2;0;0;0m▀[38;2;0;0;0;48;2;0;0;0m▀[38;2;0;0;0;48;2;0;0;0m▀[38;2;0;0;0;48;2;0;0;0m▀[0m [0m [0m [0m [0m
[0m [0m [0m [0m [0m [0m [38;2;0;0;0;48;2;0;0;0m▀[38;2;0;0;0;48;2;0;0;0m▀[38;2;104;96;88;48;2;104;96;88m▀[38;2;104;96;88;48;2;104;96;88m▀[38;2;64;56;48;48;2;64;56;48m▀[38;2;64;56;48;48;2;64;56;48m▀[38;2;0;0;0;48;2;0;0;0m▀[38;2;0;0;0;48;2;0;0;0m▀[38;2;0;0;0;48;2;0;0;0m▀[38;2;0;0;0;48;2;0;0;0m▀[38;2;64;56;48;48;2;64;56;48m▀[38;2;64;56;48;48;2;64;56;48m▀[38;2;104;96;88;48;2;104;96;88m▀[38;2;104;96;88;48;2;104;96;88m▀[38;2;0;0;0;48;2;0;0;0m▀[38;2;0;0;0;48;2;0;0;0m▀[0m [0m [38;2;0;0;0;48;2;0;0;0m▀[38;2;0;0;0;48;2;0;0;0m▀[0m [0m [0m [0m [0m [0m [0m
[0m [0m [0m [0m [0m [0m [38;2;0;0;0;48;2;0;0;0m▀[38;2;0;0;0;48;2;0;0;0m▀[38;2;0;0;0;48;2;0;0;0m▀[38;2;0;0;0;48;2;0;0;0m▀[38;2;0;0;0;48;2;0;0;0m▀[38;2;0;0;0;48;2;0;0;0m▀[38;2;0;0;0;48;2;0;0;0m▀[38;2;0;0;0;48;2;0;0;0m▀[0m [0m [38;2;0;0;0;48;2;0;0;0m▀[38;2;0;0;0;48;2;0;0;0m▀[38;2;0;0;0;48;2;0;0;0m▀[38;2;0;0;0;48;2;0;0;0m▀[38;2;0;0;0;48;2;0;0;0m▀[38;2;0;0;0;48;2;0;0;0m▀[0m [0m [0m [0m [0m [0m [0m [0m [0m [0m [0m
