[0m [0m [0m [0m [0m [0m [0m [0m [0m [0m [0m [0m [0m [0m [0m [0m [38;2;0;0;0;48;2;0;0;0m▀[38;2;0;0;0;48;2;0;0;0m▀[38;2;0;0;0;48;2;0;0;0m▀[38;2;0;0;0;48;2;0;0;0m▀[38;2;0;0;0;48;2;0;0;0m▀[38;2;0;0;0;48;2;0;0;0m▀[38;2;0;0;0;48;2;0;0;0m▀[38;2;0;0;0;48;2;0;0;0m▀[38;2;0;0;0;48;2;0;0;0m▀[38;2;0;0;0;48;2;0;0;0m▀[0m [0m [0m [0m [0m [0m [0m
[0m [0m [0m [0m [0m [0m [0m [0m [0m [0m [0m [0m [38;2;0;0;0;48;2;0;0;0m▀[38;2;0;0;0;48;2;0;0;0m▀[38;2;0;0;0;48;2;0;0;0m▀[38;2;0;0;0;48;2;0;0;0m▀[38;2;123;123;123;48;2;123;123;123m▀[38;2;123;123;123;48;2;123;123;123m▀[38;2;123;123;123;48;2;123;123;123m▀[38;2;123;123;123;48;2;123;123;123m▀[38;2;0;0;0;48;2;0;0;0m▀[38;2;0;0;0;48;2;0;0;0m▀[0m [0m [0m [0m [0m [0m [0m [0m [0m [0m [0m
[0m [0m [0m [0m [0m [0m [0m [0m [0m [0m [38;2;0;0;0;48;2;0;0;0m▀[38;2;0;0;0;48;2;0;0;0m▀[38;2;173;189;198;48;2;173;189;198m▀[38;2;173;189;198;48;2;173;189;198m▀[38;2;123;123;123;48;2;123;123;123m▀[38;2;123;123;123;48;2;123;123;123m▀[38;2;82;82;82;48;2;82;82;82m▀[38;2;82;82;82;48;2;82;82;82m▀[38;2;0;0;0;48;2;0;0;0m▀[38;2;0;0;0;48;2;0;0;0m▀[0m [0m [0m [0m [0m [0m [0m [0m [0m [0m [0m [0m [0m
[0m [0m [0m [0m [0m [0m [38;2;0;0;0;48;2;0;0;0m▀[38;2;0;0;0;48;2;0;0;0m▀[38;2;0;0;0;48;2;0;0;0m▀[38;2;0;0;0;48;2;0;0;0m▀[38;2;123;123;123;48;2;123;123;123m▀[38;2;123;123;123;48;2;123;123;123m▀[38;2;173;189;198;48;2;173;189;198m▀[38;2;173;189;198;48;2;173;189;198m▀[38;2;123;123;123;48;2;123;123;123m▀[38;2;123;123;123;48;2;123;123;123m▀[38;2;123;123;123;48;2;123;123;123m▀[38;2;123;123;123;48;2;123;123;123m▀[38;2;82;82;82;48;2;82;82;82m▀[38;2;82;82;82;48;2;82;82;82m▀[38;2;0;0;0;48;2;0;0;0m▀[38;2;0;0;0;48;2;0;0;0m▀[0m [0m [0m [0m [0m [0m [0m [0m [0m [0m [0m
[0m [0m [0m [0m [38;2;0;0;0;48;2;0;0;0m▀[38;2;0;0;0;48;2;0;0;0m▀[38;2;123;123;123;48;2;123;123;123m▀[38;2;123;123;123;48;2;123;123;123m▀[38;2;173;189;198;48;2;173;189;198m▀[38;2;173;189;198;48;2;173;189;198m▀[38;2;123;123;123;48;2;123;123;123m▀[38;2;123;123;123;48;2;123;123;123m▀[38;2;0;0;0;48;2;0;0;0m▀[38;2;0;0;0;48;2;0;0;0m▀[38;2;0;0;0;48;2;0;0;0m▀[38;2;0;0;0;48;2;0;0;0m▀[38;2;0;0;0;48;2;0;0;0m▀[38;2;0;0;0;48;2;0;0;0m▀[38;2;0;0;0;48;2;0;0;0m▀[38;2;0;0;0;48;2;0;0;0m▀[38;2;0;0;0;48;2;0;0;0m▀[38;2;0;0;0;48;2;0;0;0m▀[0m [0m [0m [0m [0m [0m [0m [0m [0m [0m [0m
[0m [0m [0m [0m [38;2;0;0;0;48;2;0;0;0m▀[38;2;0;0;0;48;2;0;0;0m▀[38;2;0;0;0;48;2;0;0;0m▀[38;2;0;0;0;48;2;0;0;0m▀[38;2;0;0;0;48;2;0;0;0m▀[38;2;0;0;0;48;2;0;0;0m▀[38;2;0;0;0;48;2;0;0;0m▀[38;2;0;0;0;48;2;0;0;0m▀[38;2;239;239;239;48;2;239;239;239m▀[38;2;239;239;239;48;2;239;239;239m▀[38;2;198;214;214;48;2;198;214;214m▀[38;2;198;214;214;48;2;198;214;214m▀[38;2;123;123;123;48;2;123;123;123m▀[38;2;123;123;123;48;2;123;123;123m▀[38;2;82;82;82;48;2;82;82;82m▀[38;2;82;82;82;48;2;82;82;82m▀[38;2;222;74;49;48;2;222;74;49m▀[38;2;222;74;49;48;2;222;74;49m▀[38;2;0;0;0;48;2;0;0;0m▀[38;2;0;0;0;48;2;0;0;0m▀[0m [0m [0m [0m [0m [0m [0m [0m [0m
[0m [0m [0m [0m [38;2;0;0;0;48;2;0;0;0m▀[38;2;0;0;0;48;2;0;0;0m▀[38;2;239;239;239;48;2;239;239;239m▀[38;2;239;239;239;48;2;239;239;239m▀[38;2;239;239;239;48;2;239;239;239m▀[38;2;239;239;239;48;2;239;239;239m▀[38;2;239;239;239;48;2;239;239;239m▀[38;2;239;239;239;48;2;239;239;239m▀[38;2;198;214;214;48;2;198;214;214m▀[38;2;198;214;214;48;2;198;214;214m▀[38;2;198;214;214;48;2;198;214;214m▀[38;2;198;214;214;48;2;198;214;214m▀[38;2;82;82;82;48;2;82;82;82m▀[38;2;82;82;82;48;2;82;82;82m▀[38;2;222;74;49;48;2;222;74;49m▀[38;2;222;74;49;48;2;222;74;49m▀[38;2;0;0;0;48;2;0;0;0m▀[38;2;0;0;0;48;2;0;0;0m▀[38;2;0;0;0;48;2;0;0;0m▀[38;2;0;0;0;48;2;0;0;0m▀[0m [0m [0m [0m [0m [0m [0m [0m [0m
[0m [0m [0m [0m [0m [0m [38;2;0;0;0;48;2;0;0;0m▀[38;2;0;0;0;48;2;0;0;0m▀[38;2;0;0;0;48;2;0;0;0m▀[38;2;0;0;0;48;2;0;0;0m▀[38;2;0;0;0;48;2;0;0;0m▀[38;2;0;0;0;48;2;0;0;0m▀[38;2;0;0;0;48;2;0;0;0m▀[38;2;0;0;0;48;2;0;0;0m▀[38;2;0;0;0;48;2;0;0;0m▀[38;2;0;0;0;48;2;0;0;0m▀[38;2;0;0;0;48;2;0;0;0m▀[38;2;0;0;0;48;2;0;0;0m▀[38;2;0;0;0;48;2;0;0;0m▀[38;2;0;0;0;48;2;0;0;0m▀[38;2;173;189;198;48;2;173;189;198m▀[38;2;173;189;198;48;2;173;189;198m▀[38;2;123;123;123;48;2;123;123;123m▀[38;2;123;123;123;48;2;123;123;123m▀[38;2;0;0;0;48;2;0;0;0m▀[38;2;0;0;0;48;2;0;0;0m▀[0m [0m [0m [0m [0m [0m [0m
[0m [0m [0m [0m [0m [0m [0m [0m [38;2;0;0;0;48;2;0;0;0m▀[38;2;0;0;0;48;2;0;0;0m▀[38;2;107;99;148;48;2;107;99;148m▀[38;2;107;99;148;48;2;107;99;148m▀[38;2;198;214;214;48;2;198;214;214m▀[38;2;198;214;214;48;2;198;214;214m▀[38;2;198;214;214;48;2;198;214;214m▀[38;2;198;214;214;48;2;198;214;214m▀[38;2;222;74;49;48;2;222;74;49m▀[38;2;222;74;49;48;2;222;74;49m▀[38;2;0;0;0;48;2;0;0;0m▀[38;2;0;0;0;48;2;0;0;0m▀[38;2;123;123;123;48;2;123;123;123m▀[38;2;123;123;123;48;2;123;123;123m▀[38;2;82;82;82;48;2;82;82;82m▀[38;2;82;82;82;48;2;82;82;82m▀[38;2;0;0;0;48;2;0;0;0m▀[38;2;0;0;0;48;2;0;0;0m▀[0m [0m [0m [0m [0m [0m [0m
[0m [0m [0m [0m [0m [0m [0m [0m [38;2;0;0;0;48;2;0;0;0m▀[38;2;0;0;0;48;2;0;0;0m▀[38;2;0;0;0;48;2;0;0;0m▀[38;2;0;0;0;48;2;0;0;0m▀[38;2;239;239;239;48;2;239;239;239m▀[38;2;239;239;239;48;2;239;239;239m▀[38;2;222;74;49;48;2;222;74;49m▀[38;2;222;74;49;48;2;222;74;49m▀[38;2;198;214;214;48;2;198;214;214m▀[38;2;198;214;214;48;2;198;214;214m▀[38;2;107;99;148;48;2;107;99;148m▀[38;2;107;99;148;48;2;107;99;148m▀[38;2;0;0;0;48;2;0;0;0m▀[38;2;0;0;0;48;2;0;0;0m▀[38;2;0;0;0;48;2;0;0;0m▀[38;2;0;0;0;48;2;0;0;0m▀[38;2;0;0;0;48;2;0;0;0m▀[38;2;0;0;0;48;2;0;0;0m▀[0m [0m [0m [0m [0m [0m [0m
[0m [0m [0m [0m [0m [0m [38;2;0;0;0;48;2;0;0;0m▀[38;2;0;0;0;48;2;0;0;0m▀[38;2;71;70;117;48;2;71;70;117m▀[38;2;71;70;117;48;2;71;70;117m▀[38;2;0;0;0;48;2;0;0;0m▀[38;2;0;0;0;48;2;0;0;0m▀[38;2;239;239;239;48;2;239;239;239m▀[38;2;239;239;239;48;2;239;239;239m▀[38;2;198;214;214;48;2;198;214;214m▀[38;2;198;214;214;48;2;198;214;214m▀[38;2;0;0;0;48;2;0;0;0m▀[38;2;0;0;0;48;2;0;0;0m▀[38;2;0;0;0;48;2;0;0;0m▀[38;2;0;0;0;48;2;0;0;0m▀[38;2;0;0;0;48;2;0;0;0m▀[38;2;0;0;0;48;2;0;0;0m▀[38;2;71;70;117;48;2;71;70;117m▀[38;2;71;70;117;48;2;71;70;117m▀[38;2;0;0;0;48;2;0;0;0m▀[38;2;0;0;0;48;2;0;0;0m▀[0m [0m [0m [0m [0m [0m [0m
[0m [0m [0m [0m [38;2;0;0;0;48;2;0;0;0m▀[38;2;0;0;0;48;2;0;0;0m▀[38;2;198;214;214;48;2;198;214;214m▀[38;2;198;214;214;48;2;198;214;214m▀[38;2;107;99;148;48;2;107;99;148m▀[38;2;107;99;148;48;2;107;99;148m▀[38;2;0;0;0;48;2;0;0;0m▀[38;2;0;0;0;48;2;0;0;0m▀[38;2;123;123;123;48;2;123;123;123m▀[38;2;123;123;123;48;2;123;123;123m▀[38;2;82;82;82;48;2;82;82;82m▀[38;2;82;82;82;48;2;82;82;82m▀[38;2;0;0;0;48;2;0;0;0m▀[38;2;0;0;0;48;2;0;0;0m▀[38;2;198;214;214;48;2;198;214;214m▀[38;2;198;214;214;48;2;198;214;214m▀[38;2;107;99;148;48;2;107;99;148m▀[38;2;107;99;148;48;2;107;99;148m▀[38;2;107;99;148;48;2;107;99;148m▀[38;2;107;99;148;48;2;107;99;148m▀[38;2;0;0;0;48;2;0;0;0m▀[38;2;0;0;0;48;2;0;0;0m▀[0m [0m [0m [0m [0m [0m [0m
[0m [0m [0m [0m [38;2;0;0;0;48;2;0;0;0m▀[38;2;0;0;0;48;2;0;0;0m▀[38;2;198;214;214;48;2;198;214;214m▀[38;2;198;214;214;48;2;198;214;214m▀[38;2;173;189;198;48;2;173;189;198m▀[38;2;173;189;198;48;2;173;189;198m▀[38;2;0;0;0;48;2;0;0;0m▀[38;2;0;0;0;48;2;0;0;0m▀[38;2;41;181;8;48;2;41;181;8m▀[38;2;41;181;8;48;2;41;181;8m▀[38;2;40;132;53;48;2;40;132;53m▀[38;2;40;132;53;48;2;40;132;53m▀[38;2;0;0;0;48;2;0;0;0m▀[38;2;0;0;0;48;2;0;0;0m▀[38;2;198;214;214;48;2;198;214;214m▀[38;2;198;214;214;48;2;198;214;214m▀[38;2;173;189;198;48;2;173;189;198m▀[38;2;173;189;198;48;2;173;189;198m▀[38;2;71;70;117;48;2;71;70;117m▀[38;2;71;70;117;48;2;71;70;117m▀[38;2;0;0;0;48;2;0;0;0m▀[38;2;0;0;0;48;2;0;0;0m▀[0m [0m [0m [0m [0m [0m [0m
[0m [0m [0m [0m [0m [0m [38;2;0;0;0;48;2;0;0;0m▀[38;2;0;0;0;48;2;0;0;0m▀[38;2;0;0;0;48;2;0;0;0m▀[38;2;0;0;0;48;2;0;0;0m▀[38;2;0;0;0;48;2;0;0;0m▀[38;2;0;0;0;48;2;0;0;0m▀[38;2;0;0;0;48;2;0;0;0m▀[38;2;0;0;0;48;2;0;0;0m▀[38;2;0;0;0;48;2;0;0;0m▀[38;2;0;0;0;48;2;0;0;0m▀[38;2;0;0;0;48;2;0;0;0m▀[38;2;0;0;0;48;2;0;0;0m▀[38;2;0;0;0;48;2;0;0;0m▀[38;2;0;0;0;48;2;0;0;0m▀[38;2;0;0;0;48;2;0;0;0m▀[38;2;0;0;0;48;2;0;0;0m▀[38;2;0;0;0;48;2;0;0;0m▀[38;2;0;0;0;48;2;0;0;0m▀[0m [0m [0m [0m [0m [0m [0m [0m [0m
[0m [0m [0m [0m [38;2;0;0;0;48;2;0;0;0m▀[38;2;0;0;0;48;2;0;0;0m▀[38;2;239;239;239;48;2;239;239;239m▀[38;2;239;239;239;48;2;239;239;239m▀[38;2;123;123;123;48;2;123;123;123m▀[38;2;123;123;123;48;2;123;123;123m▀[38;2;0;0;0;48;2;0;0;0m▀[38;2;0;0;0;48;2;0;0;0m▀[0m [0m [38;2;0;0;0;48;2;0;0;0m▀[38;2;0;0;0;48;2;0;0;0m▀[38;2;239;239;239;48;2;239;239;239m▀[38;2;239;239;239;48;2;239;239;239m▀[38;2;82;82;82;48;2;82;82;82m▀[38;2;82;82;82;48;2;82;82;82m▀[38;2;239;239;239;48;2;239;239;239m▀[38;2;239;239;239;48;2;239;239;239m▀[38;2;0;0;0;48;2;0;0;0m▀[38;2;0;0;0;48;2;0;0;0m▀[0m [0m [0m [0m [0m [0m [0m [0m [0m
[0m [0m [0m [0m [38;2;0;0;0;48;2;0;0;0m▀[38;2;0;0;0;48;2;0;0;0m▀[38;2;0;0;0;48;2;0;0;0m▀[38;2;0;0;0;48;2;0;0;0m▀[38;2;0;0;0;48;2;0;0;0m▀[38;2;0;0;0;48;2;0;0;0m▀[38;2;0;0;0;48;2;0;0;0m▀[38;2;0;0;0;48;2;0;0;0m▀[0m [0m [38;2;0;0;0;48;2;0;0;0m▀[38;2;0;0;0;48;2;0;0;0m▀[38;2;0;0;0;48;2;0;0;0m▀[38;2;0;0;0;48;2;0;0;0m▀[38;2;0;0;0;48;2;0;0;0m▀[38;2;0;0;0;48;2;0;0;0m▀[38;2;0;0;0;48;2;0;0;0m▀[38;2;0;0;0;48;2;0;0;0m▀[38;2;0;0;0;48;2;0;0;0m▀[38;2;0;0;0;48;2;0;0;0m▀[0m [0m [0m [0m [0m [0m [0m [0m [0m
