[0m [0m [0m [0m [0m [0m [0m [0m [0m [0m [0m [0m [0m [0m [0m [0m [0m [0m [0m [0m [0m [0m [0m [0m [0m [0m [0m [0m [0m [0m [0m [0m [0m
[0m [0m [0m [0m [0m [0m [0m [0m [0m [0m [0m [0m [0m [0m [0m [0m [0m [0m [0m [0m [0m [0m [0m [0m [0m [0m [0m [0m [0m [0m [0m [0m [0m
[0m [0m [0m [0m [38;2;0;0;0;48;2;0;0;0m▀[38;2;0;0;0;48;2;0;0;0m▀[0m [0m [0m [0m [38;2;0;0;0;48;2;0;0;0m▀[38;2;0;0;0;48;2;0;0;0m▀[38;2;0;0;0;48;2;0;0;0m▀[38;2;0;0;0;48;2;0;0;0m▀[0m [0m [0m [0m [0m [0m [38;2;0;0;0;48;2;0;0;0m▀[38;2;0;0;0;48;2;0;0;0m▀[38;2;0;0;0;48;2;0;0;0m▀[38;2;0;0;0;48;2;0;0;0m▀[0m [0m [0m [0m [38;2;0;0;0;48;2;0;0;0m▀[38;2;0;0;0;48;2;0;0;0m▀[0m [0m [0m
[0m [0m [0m [0m [38;2;0;0;0;48;2;0;0;0m▀[38;2;0;0;0;48;2;0;0;0m▀[38;2;0;0;0;48;2;0;0;0m▀[38;2;0;0;0;48;2;0;0;0m▀[38;2;0;0;0;48;2;0;0;0m▀[38;2;0;0;0;48;2;0;0;0m▀[38;2;152;215;57;48;2;152;215;57m▀[38;2;152;215;57;48;2;152;215;57m▀[38;2;121;179;36;48;2;121;179;36m▀[38;2;121;179;36;48;2;121;179;36m▀[38;2;0;0;0;48;2;0;0;0m▀[38;2;0;0;0;48;2;0;0;0m▀[38;2;0;0;0;48;2;0;0;0m▀[38;2;0;0;0;48;2;0;0;0m▀[38;2;0;0;0;48;2;0;0;0m▀[38;2;0;0;0;48;2;0;0;0m▀[38;2;152;215;57;48;2;152;215;57m▀[38;2;152;215;57;48;2;152;215;57m▀[38;2;121;179;36;48;2;121;179;36m▀[38;2;121;179;36;48;2;121;179;36m▀[38;2;0;0;0;48;2;0;0;0m▀[38;2;0;0;0;48;2;0;0;0m▀[38;2;0;0;0;48;2;0;0;0m▀[38;2;0;0;0;48;2;0;0;0m▀[38;2;0;0;0;48;2;0;0;0m▀[38;2;0;0;0;48;2;0;0;0m▀[0m [0m [0m
[0m [0m [0m [0m [38;2;0;0;0;48;2;0;0;0m▀[38;2;0;0;0;48;2;0;0;0m▀[38;2;152;215;57;48;2;152;215;57m▀[38;2;152;215;57;48;2;152;215;57m▀[38;2;121;179;36;48;2;121;179;36m▀[38;2;121;179;36;48;2;121;179;36m▀[38;2;0;0;0;48;2;0;0;0m▀[38;2;0;0;0;48;2;0;0;0m▀[38;2;0;0;0;48;2;0;0;0m▀[38;2;0;0;0;48;2;0;0;0m▀[38;2;152;215;57;48;2;152;215;57m▀[38;2;152;215;57;48;2;152;215;57m▀[38;2;121;179;36;48;2;121;179;36m▀[38;2;121;179;36;48;2;121;179;36m▀[38;2;121;179;36;48;2;121;179;36m▀[38;2;121;179;36;48;2;121;179;36m▀[38;2;0;0;0;48;2;0;0;0m▀[38;2;0;0;0;48;2;0;0;0m▀[38;2;0;0;0;48;2;0;0;0m▀[38;2;0;0;0;48;2;0;0;0m▀[38;2;152;215;57;48;2;152;215;57m▀[38;2;152;215;57;48;2;152;215;57m▀[38;2;121;179;36;48;2;121;179;36m▀[38;2;121;179;36;48;2;121;179;36m▀[38;2;0;0;0;48;2;0;0;0m▀[38;2;0;0;0;48;2;0;0;0m▀[0m [0m [0m
[0m [0m [0m [0m [0m [0m [38;2;0;0;0;48;2;0;0;0m▀[38;2;0;0;0;48;2;0;0;0m▀[38;2;0;0;0;48;2;0;0;0m▀[38;2;0;0;0;48;2;0;0;0m▀[0m [0m [0m [0m [38;2;0;0;0;48;2;0;0;0m▀[38;2;0;0;0;48;2;0;0;0m▀[38;2;152;215;57;48;2;152;215;57m▀[38;2;152;215;57;48;2;152;215;57m▀[38;2;0;0;0;48;2;0;0;0m▀[38;2;0;0;0;48;2;0;0;0m▀[0m [0m [0m [0m [38;2;0;0;0;48;2;0;0;0m▀[38;2;0;0;0;48;2;0;0;0m▀[38;2;0;0;0;48;2;0;0;0m▀[38;2;0;0;0;48;2;0;0;0m▀[0m [0m [0m [0m [0m
[0m [0m [0m [0m [0m [0m [0m [0m [0m [0m [0m [0m [0m [0m [38;2;0;0;0;48;2;0;0;0m▀[38;2;0;0;0;48;2;0;0;0m▀[38;2;152;215;57;48;2;152;215;57m▀[38;2;152;215;57;48;2;152;215;57m▀[38;2;0;0;0;48;2;0;0;0m▀[38;2;0;0;0;48;2;0;0;0m▀[0m [0m [0m [0m [0m [0m [0m [0m [0m [0m [0m [0m [0m
[0m [0m [0m [0m [0m [0m [0m [0m [0m [0m [38;2;0;0;0;48;2;0;0;0m▀[38;2;0;0;0;48;2;0;0;0m▀[38;2;0;0;0;48;2;0;0;0m▀[38;2;0;0;0;48;2;0;0;0m▀[38;2;152;215;57;48;2;152;215;57m▀[38;2;152;215;57;48;2;152;215;57m▀[38;2;152;215;57;48;2;152;215;57m▀[38;2;152;215;57;48;2;152;215;57m▀[38;2;121;179;36;48;2;121;179;36m▀[38;2;121;179;36;48;2;121;179;36m▀[38;2;0;0;0;48;2;0;0;0m▀[38;2;0;0;0;48;2;0;0;0m▀[38;2;0;0;0;48;2;0;0;0m▀[38;2;0;0;0;48;2;0;0;0m▀[0m [0m [0m [0m [0m [0m [0m [0m [0m
[0m [0m [0m [0m [0m [0m [0m [0m [38;2;0;0;0;48;2;0;0;0m▀[38;2;0;0;0;48;2;0;0;0m▀[38;2;152;215;57;48;2;152;215;57m▀[38;2;152;215;57;48;2;152;215;57m▀[38;2;121;179;36;48;2;121;179;36m▀[38;2;121;179;36;48;2;121;179;36m▀[38;2;69;101;20;48;2;69;101;20m▀[38;2;69;101;20;48;2;69;101;20m▀[38;2;69;101;20;48;2;69;101;20m▀[38;2;69;101;20;48;2;69;101;20m▀[38;2;69;101;20;48;2;69;101;20m▀[38;2;69;101;20;48;2;69;101;20m▀[38;2;121;179;36;48;2;121;179;36m▀[38;2;121;179;36;48;2;121;179;36m▀[38;2;121;179;36;48;2;121;179;36m▀[38;2;121;179;36;48;2;121;179;36m▀[38;2;0;0;0;48;2;0;0;0m▀[38;2;0;0;0;48;2;0;0;0m▀[0m [0m [0m [0m [0m [0m [0m
[0m [0m [0m [0m [0m [0m [38;2;0;0;0;48;2;0;0;0m▀[38;2;0;0;0;48;2;0;0;0m▀[38;2;255;255;168;48;2;255;255;168m▀[38;2;255;255;168;48;2;255;255;168m▀[38;2;251;225;123;48;2;251;225;123m▀[38;2;251;225;123;48;2;251;225;123m▀[38;2;152;215;57;48;2;152;215;57m▀[38;2;152;215;57;48;2;152;215;57m▀[38;2;121;179;36;48;2;121;179;36m▀[38;2;121;179;36;48;2;121;179;36m▀[38;2;121;179;36;48;2;121;179;36m▀[38;2;121;179;36;48;2;121;179;36m▀[38;2;255;255;168;48;2;255;255;168m▀[38;2;255;255;168;48;2;255;255;168m▀[38;2;251;225;123;48;2;251;225;123m▀[38;2;251;225;123;48;2;251;225;123m▀[38;2;121;179;36;48;2;121;179;36m▀[38;2;121;179;36;48;2;121;179;36m▀[38;2;121;179;36;48;2;121;179;36m▀[38;2;121;179;36;48;2;121;179;36m▀[38;2;0;0;0;48;2;0;0;0m▀[38;2;0;0;0;48;2;0;0;0m▀[0m [0m [0m [0m [0m
[0m [0m [0m [0m [0m [0m [38;2;0;0;0;48;2;0;0;0m▀[38;2;0;0;0;48;2;0;0;0m▀[38;2;255;255;168;48;2;255;255;168m▀[38;2;255;255;168;48;2;255;255;168m▀[38;2;87;30;30;48;2;87;30;30m▀[38;2;87;30;30;48;2;87;30;30m▀[38;2;255;255;168;48;2;255;255;168m▀[38;2;255;255;168;48;2;255;255;168m▀[38;2;255;255;168;48;2;255;255;168m▀[38;2;255;255;168;48;2;255;255;168m▀[38;2;255;255;168;48;2;255;255;168m▀[38;2;255;255;168;48;2;255;255;168m▀[38;2;255;255;168;48;2;255;255;168m▀[38;2;255;255;168;48;2;255;255;168m▀[38;2;87;30;30;48;2;87;30;30m▀[38;2;87;30;30;48;2;87;30;30m▀[38;2;251;225;123;48;2;251;225;123m▀[38;2;251;225;123;48;2;251;225;123m▀[38;2;121;179;36;48;2;121;179;36m▀[38;2;121;179;36;48;2;121;179;36m▀[38;2;0;0;0;48;2;0;0;0m▀[38;2;0;0;0;48;2;0;0;0m▀[0m [0m [0m [0m [0m
[0m [0m [0m [0m [0m [0m [38;2;0;0;0;48;2;0;0;0m▀[38;2;0;0;0;48;2;0;0;0m▀[38;2;255;255;168;48;2;255;255;168m▀[38;2;255;255;168;48;2;255;255;168m▀[38;2;87;30;30;48;2;87;30;30m▀[38;2;87;30;30;48;2;87;30;30m▀[38;2;255;255;168;48;2;255;255;168m▀[38;2;255;255;168;48;2;255;255;168m▀[38;2;255;255;168;48;2;255;255;168m▀[38;2;255;255;168;48;2;255;255;168m▀[38;2;255;255;168;48;2;255;255;168m▀[38;2;255;255;168;48;2;255;255;168m▀[38;2;255;255;168;48;2;255;255;168m▀[38;2;255;255;168;48;2;255;255;168m▀[38;2;87;30;30;48;2;87;30;30m▀[38;2;87;30;30;48;2;87;30;30m▀[38;2;251;225;123;48;2;251;225;123m▀[38;2;251;225;123;48;2;251;225;123m▀[38;2;121;179;36;48;2;121;179;36m▀[38;2;121;179;36;48;2;121;179;36m▀[38;2;0;0;0;48;2;0;0;0m▀[38;2;0;0;0;48;2;0;0;0m▀[0m [0m [0m [0m [0m
[0m [0m [0m [0m [0m [0m [38;2;0;0;0;48;2;0;0;0m▀[38;2;0;0;0;48;2;0;0;0m▀[38;2;255;255;168;48;2;255;255;168m▀[38;2;255;255;168;48;2;255;255;168m▀[38;2;255;255;168;48;2;255;255;168m▀[38;2;255;255;168;48;2;255;255;168m▀[38;2;255;255;168;48;2;255;255;168m▀[38;2;255;255;168;48;2;255;255;168m▀[38;2;54;54;54;48;2;54;54;54m▀[38;2;54;54;54;48;2;54;54;54m▀[38;2;255;255;168;48;2;255;255;168m▀[38;2;255;255;168;48;2;255;255;168m▀[38;2;255;255;168;48;2;255;255;168m▀[38;2;255;255;168;48;2;255;255;168m▀[38;2;251;225;123;48;2;251;225;123m▀[38;2;251;225;123;48;2;251;225;123m▀[38;2;251;225;123;48;2;251;225;123m▀[38;2;251;225;123;48;2;251;225;123m▀[38;2;121;179;36;48;2;121;179;36m▀[38;2;121;179;36;48;2;121;179;36m▀[38;2;0;0;0;48;2;0;0;0m▀[38;2;0;0;0;48;2;0;0;0m▀[0m [0m [0m [0m [0m
[0m [0m [0m [0m [0m [0m [38;2;0;0;0;48;2;0;0;0m▀[38;2;0;0;0;48;2;0;0;0m▀[38;2;0;0;0;48;2;0;0;0m▀[38;2;0;0;0;48;2;0;0;0m▀[38;2;251;225;123;48;2;251;225;123m▀[38;2;251;225;123;48;2;251;225;123m▀[38;2;255;255;168;48;2;255;255;168m▀[38;2;255;255;168;48;2;255;255;168m▀[38;2;255;255;168;48;2;255;255;168m▀[38;2;255;255;168;48;2;255;255;168m▀[38;2;255;255;168;48;2;255;255;168m▀[38;2;255;255;168;48;2;255;255;168m▀[38;2;255;255;168;48;2;255;255;168m▀[38;2;255;255;168;48;2;255;255;168m▀[38;2;255;255;168;48;2;255;255;168m▀[38;2;255;255;168;48;2;255;255;168m▀[38;2;251;225;123;48;2;251;225;123m▀[38;2;251;225;123;48;2;251;225;123m▀[38;2;0;0;0;48;2;0;0;0m▀[38;2;0;0;0;48;2;0;0;0m▀[38;2;0;0;0;48;2;0;0;0m▀[38;2;0;0;0;48;2;0;0;0m▀[0m [0m [0m [0m [0m
[0m [0m [0m [0m [38;2;0;0;0;48;2;0;0;0m▀[38;2;0;0;0;48;2;0;0;0m▀[38;2;255;255;168;48;2;255;255;168m▀[38;2;255;255;168;48;2;255;255;168m▀[38;2;251;225;123;48;2;251;225;123m▀[38;2;251;225;123;48;2;251;225;123m▀[38;2;0;0;0;48;2;0;0;0m▀[38;2;0;0;0;48;2;0;0;0m▀[38;2;0;0;0;48;2;0;0;0m▀[38;2;0;0;0;48;2;0;0;0m▀[38;2;0;0;0;48;2;0;0;0m▀[38;2;0;0;0;48;2;0;0;0m▀[38;2;0;0;0;48;2;0;0;0m▀[38;2;0;0;0;48;2;0;0;0m▀[38;2;0;0;0;48;2;0;0;0m▀[38;2;0;0;0;48;2;0;0;0m▀[38;2;255;255;168;48;2;255;255;168m▀[38;2;255;255;168;48;2;255;255;168m▀[38;2;255;255;168;48;2;255;255;168m▀[38;2;255;255;168;48;2;255;255;168m▀[38;2;251;225;123;48;2;251;225;123m▀[38;2;251;225;123;48;2;251;225;123m▀[38;2;251;225;123;48;2;251;225;123m▀[38;2;251;225;123;48;2;251;225;123m▀[38;2;0;0;0;48;2;0;0;0m▀[38;2;0;0;0;48;2;0;0;0m▀[0m [0m [0m
[0m [0m [0m [0m [38;2;0;0;0;48;2;0;0;0m▀[38;2;0;0;0;48;2;0;0;0m▀[38;2;0;0;0;48;2;0;0;0m▀[38;2;0;0;0;48;2;0;0;0m▀[38;2;0;0;0;48;2;0;0;0m▀[38;2;0;0;0;48;2;0;0;0m▀[38;2;0;0;0;48;2;0;0;0m▀[38;2;0;0;0;48;2;0;0;0m▀[38;2;0;0;0;48;2;0;0;0m▀[38;2;0;0;0;48;2;0;0;0m▀[0m [0m [0m [0m [38;2;0;0;0;48;2;0;0;0m▀[38;2;0;0;0;48;2;0;0;0m▀[38;2;0;0;0;48;2;0;0;0m▀[38;2;0;0;0;48;2;0;0;0m▀[38;2;0;0;0;48;2;0;0;0m▀[38;2;0;0;0;48;2;0;0;0m▀[38;2;0;0;0;48;2;0;0;0m▀[38;2;0;0;0;48;2;0;0;0m▀[38;2;0;0;0;48;2;0;0;0m▀[38;2;0;0;0;48;2;0;0;0m▀[38;2;0;0;0;48;2;0;0;0m▀[38;2;0;0;0;48;2;0;0;0m▀[0m [0m [0m
