[0m [0m [0m [0m [0m [0m [0m [0m [0m [0m [0m [0m [0m [0m [38;2;248;184;24;48;2;248;184;24m▀[38;2;248;184;24;48;2;248;184;24m▀[0m [0m [0m [0m [0m [0m [0m [0m [0m [0m [0m [0m [0m [0m [0m [0m [0m
[0m [0m [0m [0m [0m [0m [0m [0m [0m [0m [0m [0m [0m [0m [0m [0m [38;2;0;0;0;48;2;0;0;0m▀[38;2;0;0;0;48;2;0;0;0m▀[0m [0m [0m [0m [0m [0m [0m [0m [0m [0m [0m [0m [0m [0m [0m
[0m [0m [0m [0m [0m [0m [0m [0m [0m [0m [0m [0m [0m [0m [38;2;0;0;0;48;2;0;0;0m▀[38;2;0;0;0;48;2;0;0;0m▀[0m [0m [0m [0m [0m [0m [0m [0m [0m [0m [0m [0m [0m [0m [0m [0m [0m
[0m [0m [0m [0m [0m [0m [0m [0m [0m [0m [38;2;0;0;0;48;2;0;0;0m▀[38;2;0;0;0;48;2;0;0;0m▀[38;2;0;0;0;48;2;0;0;0m▀[38;2;0;0;0;48;2;0;0;0m▀[38;2;0;0;0;48;2;0;0;0m▀[38;2;0;0;0;48;2;0;0;0m▀[38;2;0;0;0;48;2;0;0;0m▀[38;2;0;0;0;48;2;0;0;0m▀[38;2;0;0;0;48;2;0;0;0m▀[38;2;0;0;0;48;2;0;0;0m▀[0m [0m [0m [0m [0m [0m [0m [0m [0m [0m [0m [0m [0m
[0m [0m [0m [0m [0m [0m [0m [0m [38;2;0;0;0;48;2;0;0;0m▀[38;2;0;0;0;48;2;0;0;0m▀[38;2;208;208;216;48;2;208;208;216m▀[38;2;208;208;216;48;2;208;208;216m▀[38;2;144;144;152;48;2;144;144;152m▀[38;2;144;144;152;48;2;144;144;152m▀[38;2;88;88;96;48;2;88;88;96m▀[38;2;88;88;96;48;2;88;88;96m▀[38;2;88;88;96;48;2;88;88;96m▀[38;2;88;88;96;48;2;88;88;96m▀[38;2;56;56;64;48;2;56;56;64m▀[38;2;56;56;64;48;2;56;56;64m▀[38;2;0;0;0;48;2;0;0;0m▀[38;2;0;0;0;48;2;0;0;0m▀[0m [0m [0m [0m [0m [0m [0m [0m [0m [0m [0m
[0m [0m [0m [0m [0m [0m [38;2;0;0;0;48;2;0;0;0m▀[38;2;0;0;0;48;2;0;0;0m▀[38;2;208;208;216;48;2;208;208;216m▀[38;2;208;208;216;48;2;208;208;216m▀[38;2;240;104;24;48;2;240;104;24m▀[38;2;240;104;24;48;2;240;104;24m▀[38;2;144;144;152;48;2;144;144;152m▀[38;2;144;144;152;48;2;144;144;152m▀[38;2;240;104;24;48;2;240;104;24m▀[38;2;240;104;24;48;2;240;104;24m▀[38;2;88;88;96;48;2;88;88;96m▀[38;2;88;88;96;48;2;88;88;96m▀[38;2;88;88;96;48;2;88;88;96m▀[38;2;88;88;96;48;2;88;88;96m▀[38;2;56;56;64;48;2;56;56;64m▀[38;2;56;56;64;48;2;56;56;64m▀[38;2;0;0;0;48;2;0;0;0m▀[38;2;0;0;0;48;2;0;0;0m▀[0m [0m [0m [0m [0m [0m [0m [0m [0m
[0m [0m [0m [0m [38;2;0;0;0;48;2;0;0;0m▀[38;2;0;0;0;48;2;0;0;0m▀[38;2;248;240;24;48;2;248;240;24m▀[38;2;248;240;24;48;2;248;240;24m▀[38;2;128;24;24;48;2;128;24;24m▀[38;2;128;24;24;48;2;128;24;24m▀[38;2;128;24;24;48;2;128;24;24m▀[38;2;128;24;24;48;2;128;24;24m▀[38;2;128;24;24;48;2;128;24;24m▀[38;2;128;24;24;48;2;128;24;24m▀[38;2;128;24;24;48;2;128;24;24m▀[38;2;128;24;24;48;2;128;24;24m▀[38;2;128;24;24;48;2;128;24;24m▀[38;2;128;24;24;48;2;128;24;24m▀[38;2;128;24;24;48;2;128;24;24m▀[38;2;128;24;24;48;2;128;24;24m▀[38;2;128;24;24;48;2;128;24;24m▀[38;2;128;24;24;48;2;128;24;24m▀[38;2;128;24;24;48;2;128;24;24m▀[38;2;128;24;24;48;2;128;24;24m▀[38;2;0;0;0;48;2;0;0;0m▀[38;2;0;0;0;48;2;0;0;0m▀[0m [0m [0m [0m [0m [0m [0m
[0m [0m [0m [0m [38;2;0;0;0;48;2;0;0;0m▀[38;2;0;0;0;48;2;0;0;0m▀[38;2;216;24;24;48;2;216;24;24m▀[38;2;216;24;24;48;2;216;24;24m▀[38;2;248;248;216;48;2;248;248;216m▀[38;2;248;248;216;48;2;248;248;216m▀[38;2;216;24;24;48;2;216;24;24m▀[38;2;216;24;24;48;2;216;24;24m▀[38;2;216;24;24;48;2;216;24;24m▀[38;2;216;24;24;48;2;216;24;24m▀[38;2;216;24;24;48;2;216;24;24m▀[38;2;216;24;24;48;2;216;24;24m▀[38;2;248;248;216;48;2;248;248;216m▀[38;2;248;248;216;48;2;248;248;216m▀[38;2;216;24;24;48;2;216;24;24m▀[38;2;216;24;24;48;2;216;24;24m▀[38;2;240;104;24;48;2;240;104;24m▀[38;2;240;104;24;48;2;240;104;24m▀[38;2;128;24;24;48;2;128;24;24m▀[38;2;128;24;24;48;2;128;24;24m▀[38;2;0;0;0;48;2;0;0;0m▀[38;2;0;0;0;48;2;0;0;0m▀[0m [0m [0m [0m [0m [0m [0m
[0m [0m [0m [0m [38;2;0;0;0;48;2;0;0;0m▀[38;2;0;0;0;48;2;0;0;0m▀[38;2;248;184;24;48;2;248;184;24m▀[38;2;248;184;24;48;2;248;184;24m▀[38;2;216;24;24;48;2;216;24;24m▀[38;2;216;24;24;48;2;216;24;24m▀[38;2;128;24;24;48;2;128;24;24m▀[38;2;128;24;24;48;2;128;24;24m▀[38;2;144;144;152;48;2;144;144;152m▀[38;2;144;144;152;48;2;144;144;152m▀[38;2;88;88;96;48;2;88;88;96m▀[38;2;88;88;96;48;2;88;88;96m▀[38;2;216;24;24;48;2;216;24;24m▀[38;2;216;24;24;48;2;216;24;24m▀[38;2;240;104;24;48;2;240;104;24m▀[38;2;240;104;24;48;2;240;104;24m▀[38;2;128;24;24;48;2;128;24;24m▀[38;2;128;24;24;48;2;128;24;24m▀[38;2;56;56;64;48;2;56;56;64m▀[38;2;56;56;64;48;2;56;56;64m▀[38;2;0;0;0;48;2;0;0;0m▀[38;2;0;0;0;48;2;0;0;0m▀[0m [0m [0m [0m [0m [0m [0m
[0m [0m [0m [0m [38;2;0;0;0;48;2;0;0;0m▀[38;2;0;0;0;48;2;0;0;0m▀[38;2;208;208;216;48;2;208;208;216m▀[38;2;208;208;216;48;2;208;208;216m▀[38;2;208;208;216;48;2;208;208;216m▀[38;2;208;208;216;48;2;208;208;216m▀[38;2;144;144;152;48;2;144;144;152m▀[38;2;144;144;152;48;2;144;144;152m▀[38;2;88;88;96;48;2;88;88;96m▀[38;2;88;88;96;48;2;88;88;96m▀[38;2;88;88;96;48;2;88;88;96m▀[38;2;88;88;96;48;2;88;88;96m▀[38;2;88;88;96;48;2;88;88;96m▀[38;2;88;88;96;48;2;88;88;96m▀[38;2;88;88;96;48;2;88;88;96m▀[38;2;88;88;96;48;2;88;88;96m▀[38;2;144;144;152;48;2;144;144;152m▀[38;2;144;144;152;48;2;144;144;152m▀[38;2;56;56;64;48;2;56;56;64m▀[38;2;56;56;64;48;2;56;56;64m▀[38;2;0;0;0;48;2;0;0;0m▀[38;2;0;0;0;48;2;0;0;0m▀[0m [0m [0m [0m [0m [0m [0m
[0m [0m [0m [0m [38;2;0;0;0;48;2;0;0;0m▀[38;2;0;0;0;48;2;0;0;0m▀[38;2;144;144;152;48;2;144;144;152m▀[38;2;144;144;152;48;2;144;144;152m▀[38;2;144;144;152;48;2;144;144;152m▀[38;2;144;144;152;48;2;144;144;152m▀[38;2;40;40;48;48;2;40;40;48m▀[38;2;40;40;48;48;2;40;40;48m▀[38;2;40;40;48;48;2;40;40;48m▀[38;2;40;40;48;48;2;40;40;48m▀[38;2;40;40;48;48;2;40;40;48m▀[38;2;40;40;48;48;2;40;40;48m▀[38;2;40;40;48;48;2;40;40;48m▀[38;2;40;40;48;48;2;40;40;48m▀[38;2;88;88;96;48;2;88;88;96m▀[38;2;88;88;96;48;2;88;88;96m▀[38;2;88;88;96;48;2;88;88;96m▀[38;2;88;88;96;48;2;88;88;96m▀[38;2;56;56;64;48;2;56;56;64m▀[38;2;56;56;64;48;2;56;56;64m▀[38;2;0;0;0;48;2;0;0;0m▀[38;2;0;0;0;48;2;0;0;0m▀[0m [0m [0m [0m [0m [0m [0m
[0m [0m [0m [0m [0m [0m [38;2;0;0;0;48;2;0;0;0m▀[38;2;0;0;0;48;2;0;0;0m▀[38;2;40;40;48;48;2;40;40;48m▀[38;2;40;40;48;48;2;40;40;48m▀[38;2;144;144;152;48;2;144;144;152m▀[38;2;144;144;152;48;2;144;144;152m▀[38;2;88;88;96;48;2;88;88;96m▀[38;2;88;88;96;48;2;88;88;96m▀[38;2;88;88;96;48;2;88;88;96m▀[38;2;88;88;96;48;2;88;88;96m▀[38;2;56;56;64;48;2;56;56;64m▀[38;2;56;56;64;48;2;56;56;64m▀[38;2;40;40;48;48;2;40;40;48m▀[38;2;40;40;48;48;2;40;40;48m▀[38;2;56;56;64;48;2;56;56;64m▀[38;2;56;56;64;48;2;56;56;64m▀[38;2;0;0;0;48;2;0;0;0m▀[38;2;0;0;0;48;2;0;0;0m▀[0m [0m [0m [0m [0m [0m [0m [0m [0m
[0m [0m [0m [0m [38;2;0;0;0;48;2;0;0;0m▀[38;2;0;0;0;48;2;0;0;0m▀[38;2;232;88;40;48;2;232;88;40m▀[38;2;232;88;40;48;2;232;88;40m▀[38;2;0;0;0;48;2;0;0;0m▀[38;2;0;0;0;48;2;0;0;0m▀[38;2;88;88;96;48;2;88;88;96m▀[38;2;88;88;96;48;2;88;88;96m▀[38;2;24;24;24;48;2;24;24;24m▀[38;2;24;24;24;48;2;24;24;24m▀[38;2;24;24;24;48;2;24;24;24m▀[38;2;24;24;24;48;2;24;24;24m▀[38;2;88;88;96;48;2;88;88;96m▀[38;2;88;88;96;48;2;88;88;96m▀[38;2;56;56;64;48;2;56;56;64m▀[38;2;56;56;64;48;2;56;56;64m▀[38;2;0;0;0;48;2;0;0;0m▀[38;2;0;0;0;48;2;0;0;0m▀[38;2;232;88;40;48;2;232;88;40m▀[38;2;232;88;40;48;2;232;88;40m▀[38;2;0;0;0;48;2;0;0;0m▀[38;2;0;0;0;48;2;0;0;0m▀[0m [0m [0m [0m [0m [0m [0m
[0m [0m [38;2;0;0;0;48;2;0;0;0m▀[38;2;0;0;0;48;2;0;0;0m▀[38;2;0;0;0;48;2;0;0;0m▀[38;2;0;0;0;48;2;0;0;0m▀[38;2;0;0;0;48;2;0;0;0m▀[38;2;0;0;0;48;2;0;0;0m▀[38;2;0;0;0;48;2;0;0;0m▀[38;2;0;0;0;48;2;0;0;0m▀[38;2;0;0;0;48;2;0;0;0m▀[38;2;0;0;0;48;2;0;0;0m▀[38;2;0;0;0;48;2;0;0;0m▀[38;2;0;0;0;48;2;0;0;0m▀[38;2;0;0;0;48;2;0;0;0m▀[38;2;0;0;0;48;2;0;0;0m▀[38;2;0;0;0;48;2;0;0;0m▀[38;2;0;0;0;48;2;0;0;0m▀[38;2;0;0;0;48;2;0;0;0m▀[38;2;0;0;0;48;2;0;0;0m▀[0m [0m [38;2;0;0;0;48;2;0;0;0m▀[38;2;0;0;0;48;2;0;0;0m▀[38;2;0;0;0;48;2;0;0;0m▀[38;2;0;0;0;48;2;0;0;0m▀[38;2;0;0;0;48;2;0;0;0m▀[38;2;0;0;0;48;2;0;0;0m▀[38;2;0;0;0;48;2;0;0;0m▀[38;2;0;0;0;48;2;0;0;0m▀[0m [0m [0m
[38;2;0;0;0;48;2;0;0;0m▀[38;2;0;0;0;48;2;0;0;0m▀[38;2;168;64;24;48;2;168;64;24m▀[38;2;168;64;24;48;2;168;64;24m▀[38;2;0;0;0;48;2;0;0;0m▀[38;2;0;0;0;48;2;0;0;0m▀[38;2;192;160;24;48;2;192;160;24m▀[38;2;192;160;24;48;2;192;160;24m▀[38;2;0;0;0;48;2;0;0;0m▀[38;2;0;0;0;48;2;0;0;0m▀[0m [0m [0m [0m [0m [0m [0m [0m [0m [0m [0m [0m [38;2;0;0;0;48;2;0;0;0m▀[38;2;0;0;0;48;2;0;0;0m▀[38;2;192;160;24;48;2;192;160;24m▀[38;2;192;160;24;48;2;192;160;24m▀[38;2;0;0;0;48;2;0;0;0m▀[38;2;0;0;0;48;2;0;0;0m▀[38;2;168;64;24;48;2;168;64;24m▀[38;2;168;64;24;48;2;168;64;24m▀[38;2;0;0;0;48;2;0;0;0m▀[38;2;0;0;0;48;2;0;0;0m▀[0m
[38;2;0;0;0;48;2;0;0;0m▀[38;2;0;0;0;48;2;0;0;0m▀[38;2;0;0;0;48;2;0;0;0m▀[38;2;0;0;0;48;2;0;0;0m▀[38;2;0;0;0;48;2;0;0;0m▀[38;2;0;0;0;48;2;0;0;0m▀[38;2;0;0;0;48;2;0;0;0m▀[38;2;0;0;0;48;2;0;0;0m▀[38;2;0;0;0;48;2;0;0;0m▀[38;2;0;0;0;48;2;0;0;0m▀[0m [0m [0m [0m [0m [0m [0m [0m [0m [0m [0m [0m [38;2;0;0;0;48;2;0;0;0m▀[38;2;0;0;0;48;2;0;0;0m▀[38;2;0;0;0;48;2;0;0;0m▀[38;2;0;0;0;48;2;0;0;0m▀[38;2;0;0;0;48;2;0;0;0m▀[38;2;0;0;0;48;2;0;0;0m▀[38;2;0;0;0;48;2;0;0;0m▀[38;2;0;0;0;48;2;0;0;0m▀[38;2;0;0;0;48;2;0;0;0m▀[38;2;0;0;0;48;2;0;0;0m▀[0m
