[0m [0m [0m [0m [0m [0m [38;2;8;0;0;48;2;8;0;0m▀[38;2;8;0;0;48;2;8;0;0m▀[0m [0m [0m [0m [0m [0m [0m [0m [0m [0m [0m [0m [0m [0m [0m [0m [0m [0m [0m [0m [0m [0m [0m [0m [0m
[0m [0m [0m [0m [38;2;8;0;0;48;2;8;0;0m▀[38;2;8;0;0;48;2;8;0;0m▀[38;2;255;255;255;48;2;255;255;255m▀[38;2;255;255;255;48;2;255;255;255m▀[38;2;8;0;0;48;2;8;0;0m▀[38;2;8;0;0;48;2;8;0;0m▀[0m [0m [0m [0m [0m [0m [0m [0m [0m [0m [0m [0m [0m [0m [0m [0m [0m [0m [0m [0m [0m [0m [0m
[0m [0m [0m [0m [38;2;8;0;0;48;2;8;0;0m▀[38;2;8;0;0;48;2;8;0;0m▀[38;2;206;206;206;48;2;206;206;206m▀[38;2;206;206;206;48;2;206;206;206m▀[38;2;8;0;0;48;2;8;0;0m▀[38;2;8;0;0;48;2;8;0;0m▀[0m [0m [0m [0m [0m [0m [0m [0m [0m [0m [0m [0m [0m [0m [0m [0m [0m [0m [0m [0m [0m [0m [0m
[0m [0m [38;2;8;0;0;48;2;8;0;0m▀[38;2;8;0;0;48;2;8;0;0m▀[38;2;255;255;255;48;2;255;255;255m▀[38;2;255;255;255;48;2;255;255;255m▀[38;2;214;41;148;48;2;214;41;148m▀[38;2;214;41;148;48;2;214;41;148m▀[38;2;206;206;206;48;2;206;206;206m▀[38;2;206;206;206;48;2;206;206;206m▀[38;2;8;0;0;48;2;8;0;0m▀[38;2;8;0;0;48;2;8;0;0m▀[0m [0m [0m [0m [0m [0m [0m [0m [0m [0m [0m [0m [0m [0m [0m [0m [0m [0m [0m [0m [0m
[0m [0m [38;2;8;0;0;48;2;8;0;0m▀[38;2;8;0;0;48;2;8;0;0m▀[38;2;255;255;255;48;2;255;255;255m▀[38;2;255;255;255;48;2;255;255;255m▀[38;2;156;24;107;48;2;156;24;107m▀[38;2;156;24;107;48;2;156;24;107m▀[38;2;206;206;206;48;2;206;206;206m▀[38;2;206;206;206;48;2;206;206;206m▀[38;2;8;0;0;48;2;8;0;0m▀[38;2;8;0;0;48;2;8;0;0m▀[38;2;8;0;0;48;2;8;0;0m▀[38;2;8;0;0;48;2;8;0;0m▀[0m [0m [0m [0m [0m [0m [0m [0m [0m [0m [38;2;8;0;0;48;2;8;0;0m▀[38;2;8;0;0;48;2;8;0;0m▀[0m [0m [0m [0m [0m [0m [0m
[0m [0m [38;2;8;0;0;48;2;8;0;0m▀[38;2;8;0;0;48;2;8;0;0m▀[38;2;255;255;255;48;2;255;255;255m▀[38;2;255;255;255;48;2;255;255;255m▀[38;2;214;41;148;48;2;214;41;148m▀[38;2;214;41;148;48;2;214;41;148m▀[38;2;206;206;206;48;2;206;206;206m▀[38;2;206;206;206;48;2;206;206;206m▀[38;2;8;0;0;48;2;8;0;0m▀[38;2;8;0;0;48;2;8;0;0m▀[38;2;8;0;0;48;2;8;0;0m▀[38;2;8;0;0;48;2;8;0;0m▀[38;2;8;0;0;48;2;8;0;0m▀[38;2;8;0;0;48;2;8;0;0m▀[0m [0m [0m [0m [0m [0m [38;2;8;0;0;48;2;8;0;0m▀[38;2;8;0;0;48;2;8;0;0m▀[38;2;8;0;0;48;2;8;0;0m▀[38;2;8;0;0;48;2;8;0;0m▀[0m [0m [0m [0m [0m [0m [0m
[0m [0m [38;2;8;0;0;48;2;8;0;0m▀[38;2;8;0;0;48;2;8;0;0m▀[38;2;206;206;206;48;2;206;206;206m▀[38;2;206;206;206;48;2;206;206;206m▀[38;2;156;24;107;48;2;156;24;107m▀[38;2;156;24;107;48;2;156;24;107m▀[38;2;206;206;206;48;2;206;206;206m▀[38;2;206;206;206;48;2;206;206;206m▀[38;2;8;0;0;48;2;8;0;0m▀[38;2;8;0;0;48;2;8;0;0m▀[38;2;8;0;0;48;2;8;0;0m▀[38;2;8;0;0;48;2;8;0;0m▀[38;2;255;255;255;48;2;255;255;255m▀[38;2;255;255;255;48;2;255;255;255m▀[38;2;8;0;0;48;2;8;0;0m▀[38;2;8;0;0;48;2;8;0;0m▀[38;2;8;0;0;48;2;8;0;0m▀[38;2;8;0;0;48;2;8;0;0m▀[38;2;8;0;0;48;2;8;0;0m▀[38;2;8;0;0;48;2;8;0;0m▀[38;2;255;255;255;48;2;255;255;255m▀[38;2;255;255;255;48;2;255;255;255m▀[38;2;8;0;0;48;2;8;0;0m▀[38;2;8;0;0;48;2;8;0;0m▀[0m [0m [0m [0m [0m [0m [0m
[0m [0m [38;2;8;0;0;48;2;8;0;0m▀[38;2;8;0;0;48;2;8;0;0m▀[38;2;206;206;206;48;2;206;206;206m▀[38;2;206;206;206;48;2;206;206;206m▀[38;2;214;41;148;48;2;214;41;148m▀[38;2;214;41;148;48;2;214;41;148m▀[38;2;206;206;206;48;2;206;206;206m▀[38;2;206;206;206;48;2;206;206;206m▀[38;2;8;0;0;48;2;8;0;0m▀[38;2;8;0;0;48;2;8;0;0m▀[0m [0m [38;2;8;0;0;48;2;8;0;0m▀[38;2;8;0;0;48;2;8;0;0m▀[38;2;198;189;115;48;2;198;189;115m▀[38;2;198;189;115;48;2;198;189;115m▀[38;2;173;165;66;48;2;173;165;66m▀[38;2;173;165;66;48;2;173;165;66m▀[38;2;132;123;49;48;2;132;123;49m▀[38;2;132;123;49;48;2;132;123;49m▀[38;2;8;0;0;48;2;8;0;0m▀[38;2;8;0;0;48;2;8;0;0m▀[0m [0m [0m [0m [0m [0m [0m [0m [0m
[0m [0m [38;2;8;0;0;48;2;8;0;0m▀[38;2;8;0;0;48;2;8;0;0m▀[38;2;206;206;206;48;2;206;206;206m▀[38;2;206;206;206;48;2;206;206;206m▀[38;2;156;24;107;48;2;156;24;107m▀[38;2;156;24;107;48;2;156;24;107m▀[38;2;206;206;206;48;2;206;206;206m▀[38;2;206;206;206;48;2;206;206;206m▀[38;2;8;0;0;48;2;8;0;0m▀[38;2;8;0;0;48;2;8;0;0m▀[0m [0m [38;2;8;0;0;48;2;8;0;0m▀[38;2;8;0;0;48;2;8;0;0m▀[38;2;82;148;198;48;2;82;148;198m▀[38;2;82;148;198;48;2;82;148;198m▀[38;2;173;165;66;48;2;173;165;66m▀[38;2;173;165;66;48;2;173;165;66m▀[38;2;82;148;198;48;2;82;148;198m▀[38;2;82;148;198;48;2;82;148;198m▀[38;2;8;0;0;48;2;8;0;0m▀[38;2;8;0;0;48;2;8;0;0m▀[38;2;8;0;0;48;2;8;0;0m▀[38;2;8;0;0;48;2;8;0;0m▀[38;2;8;0;0;48;2;8;0;0m▀[38;2;8;0;0;48;2;8;0;0m▀[38;2;8;0;0;48;2;8;0;0m▀[38;2;8;0;0;48;2;8;0;0m▀[0m [0m [0m
[38;2;8;0;0;48;2;8;0;0m▀[38;2;8;0;0;48;2;8;0;0m▀[38;2;8;0;0;48;2;8;0;0m▀[38;2;8;0;0;48;2;8;0;0m▀[38;2;8;0;0;48;2;8;0;0m▀[38;2;8;0;0;48;2;8;0;0m▀[38;2;8;0;0;48;2;8;0;0m▀[38;2;8;0;0;48;2;8;0;0m▀[38;2;8;0;0;48;2;8;0;0m▀[38;2;8;0;0;48;2;8;0;0m▀[38;2;8;0;0;48;2;8;0;0m▀[38;2;8;0;0;48;2;8;0;0m▀[38;2;8;0;0;48;2;8;0;0m▀[38;2;8;0;0;48;2;8;0;0m▀[38;2;8;0;0;48;2;8;0;0m▀[38;2;8;0;0;48;2;8;0;0m▀[38;2;255;231;189;48;2;255;231;189m▀[38;2;255;231;189;48;2;255;231;189m▀[38;2;255;231;189;48;2;255;231;189m▀[38;2;255;231;189;48;2;255;231;189m▀[38;2;239;214;132;48;2;239;214;132m▀[38;2;239;214;132;48;2;239;214;132m▀[38;2;8;0;0;48;2;8;0;0m▀[38;2;8;0;0;48;2;8;0;0m▀[38;2;198;189;115;48;2;198;189;115m▀[38;2;198;189;115;48;2;198;189;115m▀[38;2;173;165;66;48;2;173;165;66m▀[38;2;173;165;66;48;2;173;165;66m▀[38;2;173;165;66;48;2;173;165;66m▀[38;2;173;165;66;48;2;173;165;66m▀[38;2;8;0;0;48;2;8;0;0m▀[38;2;8;0;0;48;2;8;0;0m▀[0m
[38;2;8;0;0;48;2;8;0;0m▀[38;2;8;0;0;48;2;8;0;0m▀[38;2;198;189;115;48;2;198;189;115m▀[38;2;198;189;115;48;2;198;189;115m▀[38;2;173;165;66;48;2;173;165;66m▀[38;2;173;165;66;48;2;173;165;66m▀[38;2;173;165;66;48;2;173;165;66m▀[38;2;173;165;66;48;2;173;165;66m▀[38;2;132;123;49;48;2;132;123;49m▀[38;2;132;123;49;48;2;132;123;49m▀[38;2;132;123;49;48;2;132;123;49m▀[38;2;132;123;49;48;2;132;123;49m▀[38;2;8;0;0;48;2;8;0;0m▀[38;2;8;0;0;48;2;8;0;0m▀[38;2;206;206;206;48;2;206;206;206m▀[38;2;206;206;206;48;2;206;206;206m▀[38;2;8;0;0;48;2;8;0;0m▀[38;2;8;0;0;48;2;8;0;0m▀[38;2;8;0;0;48;2;8;0;0m▀[38;2;8;0;0;48;2;8;0;0m▀[38;2;8;0;0;48;2;8;0;0m▀[38;2;8;0;0;48;2;8;0;0m▀[38;2;8;0;0;48;2;8;0;0m▀[38;2;8;0;0;48;2;8;0;0m▀[38;2;173;165;66;48;2;173;165;66m▀[38;2;173;165;66;48;2;173;165;66m▀[38;2;41;41;41;48;2;41;41;41m▀[38;2;41;41;41;48;2;41;41;41m▀[38;2;173;165;66;48;2;173;165;66m▀[38;2;173;165;66;48;2;173;165;66m▀[38;2;8;0;0;48;2;8;0;0m▀[38;2;8;0;0;48;2;8;0;0m▀[0m
[0m [0m [38;2;8;0;0;48;2;8;0;0m▀[38;2;8;0;0;48;2;8;0;0m▀[38;2;8;0;0;48;2;8;0;0m▀[38;2;8;0;0;48;2;8;0;0m▀[38;2;8;0;0;48;2;8;0;0m▀[38;2;8;0;0;48;2;8;0;0m▀[38;2;8;0;0;48;2;8;0;0m▀[38;2;8;0;0;48;2;8;0;0m▀[38;2;8;0;0;48;2;8;0;0m▀[38;2;8;0;0;48;2;8;0;0m▀[38;2;41;41;41;48;2;41;41;41m▀[38;2;41;41;41;48;2;41;41;41m▀[38;2;8;0;0;48;2;8;0;0m▀[38;2;8;0;0;48;2;8;0;0m▀[38;2;198;189;115;48;2;198;189;115m▀[38;2;198;189;115;48;2;198;189;115m▀[38;2;173;165;66;48;2;173;165;66m▀[38;2;173;165;66;48;2;173;165;66m▀[38;2;132;123;49;48;2;132;123;49m▀[38;2;132;123;49;48;2;132;123;49m▀[38;2;8;0;0;48;2;8;0;0m▀[38;2;8;0;0;48;2;8;0;0m▀[38;2;173;165;66;48;2;173;165;66m▀[38;2;173;165;66;48;2;173;165;66m▀[38;2;206;206;206;48;2;206;206;206m▀[38;2;206;206;206;48;2;206;206;206m▀[38;2;132;123;49;48;2;132;123;49m▀[38;2;132;123;49;48;2;132;123;49m▀[38;2;8;0;0;48;2;8;0;0m▀[38;2;8;0;0;48;2;8;0;0m▀[0m
[0m [0m [0m [0m [38;2;8;0;0;48;2;8;0;0m▀[38;2;8;0;0;48;2;8;0;0m▀[38;2;41;41;41;48;2;41;41;41m▀[38;2;41;41;41;48;2;41;41;41m▀[38;2;8;0;0;48;2;8;0;0m▀[38;2;8;0;0;48;2;8;0;0m▀[38;2;8;0;0;48;2;8;0;0m▀[38;2;8;0;0;48;2;8;0;0m▀[38;2;8;0;0;48;2;8;0;0m▀[38;2;8;0;0;48;2;8;0;0m▀[0m [0m [38;2;8;0;0;48;2;8;0;0m▀[38;2;8;0;0;48;2;8;0;0m▀[38;2;255;231;189;48;2;255;231;189m▀[38;2;255;231;189;48;2;255;231;189m▀[38;2;8;0;0;48;2;8;0;0m▀[38;2;8;0;0;48;2;8;0;0m▀[38;2;8;0;0;48;2;8;0;0m▀[38;2;8;0;0;48;2;8;0;0m▀[38;2;173;165;66;48;2;173;165;66m▀[38;2;173;165;66;48;2;173;165;66m▀[38;2;132;123;49;48;2;132;123;49m▀[38;2;132;123;49;48;2;132;123;49m▀[38;2;132;123;49;48;2;132;123;49m▀[38;2;132;123;49;48;2;132;123;49m▀[38;2;8;0;0;48;2;8;0;0m▀[38;2;8;0;0;48;2;8;0;0m▀[0m
[0m [0m [0m [0m [38;2;8;0;0;48;2;8;0;0m▀[38;2;8;0;0;48;2;8;0;0m▀[38;2;214;41;148;48;2;214;41;148m▀[38;2;214;41;148;48;2;214;41;148m▀[38;2;8;0;0;48;2;8;0;0m▀[38;2;8;0;0;48;2;8;0;0m▀[0m [0m [0m [0m [0m [0m [38;2;8;0;0;48;2;8;0;0m▀[38;2;8;0;0;48;2;8;0;0m▀[38;2;8;0;0;48;2;8;0;0m▀[38;2;8;0;0;48;2;8;0;0m▀[38;2;8;0;0;48;2;8;0;0m▀[38;2;8;0;0;48;2;8;0;0m▀[0m [0m [38;2;8;0;0;48;2;8;0;0m▀[38;2;8;0;0;48;2;8;0;0m▀[38;2;8;0;0;48;2;8;0;0m▀[38;2;8;0;0;48;2;8;0;0m▀[38;2;8;0;0;48;2;8;0;0m▀[38;2;8;0;0;48;2;8;0;0m▀[0m [0m [0m
[0m [0m [0m [0m [38;2;8;0;0;48;2;8;0;0m▀[38;2;8;0;0;48;2;8;0;0m▀[38;2;8;0;0;48;2;8;0;0m▀[38;2;8;0;0;48;2;8;0;0m▀[38;2;8;0;0;48;2;8;0;0m▀[38;2;8;0;0;48;2;8;0;0m▀[0m [0m [0m [0m [38;2;8;0;0;48;2;8;0;0m▀[38;2;8;0;0;48;2;8;0;0m▀[38;2;156;24;107;48;2;156;24;107m▀[38;2;156;24;107;48;2;156;24;107m▀[38;2;8;0;0;48;2;8;0;0m▀[38;2;8;0;0;48;2;8;0;0m▀[38;2;156;24;107;48;2;156;24;107m▀[38;2;156;24;107;48;2;156;24;107m▀[38;2;8;0;0;48;2;8;0;0m▀[38;2;8;0;0;48;2;8;0;0m▀[0m [0m [0m [0m [0m [0m [0m [0m [0m
[0m [0m [0m [0m [0m [0m [0m [0m [0m [0m [0m [0m [38;2;8;0;0;48;2;8;0;0m▀[38;2;8;0;0;48;2;8;0;0m▀[38;2;8;0;0;48;2;8;0;0m▀[38;2;8;0;0;48;2;8;0;0m▀[38;2;8;0;0;48;2;8;0;0m▀[38;2;8;0;0;48;2;8;0;0m▀[38;2;8;0;0;48;2;8;0;0m▀[38;2;8;0;0;48;2;8;0;0m▀[38;2;8;0;0;48;2;8;0;0m▀[38;2;8;0;0;48;2;8;0;0m▀[38;2;8;0;0;48;2;8;0;0m▀[38;2;8;0;0;48;2;8;0;0m▀[38;2;8;0;0;48;2;8;0;0m▀[38;2;8;0;0;48;2;8;0;0m▀[0m [0m [0m [0m [0m [0m [0m
