[0m [0m [0m [0m [0m [0m [0m [0m [0m [0m [0m [0m [0m [0m [0m [0m [0m [0m [0m [0m [0m [0m [0m [0m [0m [0m [0m [0m [0m [0m [0m [0m [0m
[0m [0m [0m [0m [0m [0m [0m [0m [0m [0m [0m [0m [0m [0m [0m [0m [0m [0m [0m [0m [0m [0m [0m [0m [0m [0m [0m [0m [0m [0m [0m [0m [0m
[0m [0m [0m [0m [0m [0m [0m [0m [0m [0m [0m [0m [0m [0m [0m [0m [0m [0m [0m [0m [0m [0m [0m [0m [0m [0m [0m [0m [0m [0m [0m [0m [0m
[0m [0m [0m [0m [0m [0m [0m [0m [0m [0m [0m [0m [0m [0m [0m [0m [0m [0m [0m [0m [0m [0m [0m [0m [0m [0m [0m [0m [0m [0m [0m [0m [0m
[0m [0m [38;2;0;0;0;48;2;0;0;0m▀[38;2;0;0;0;48;2;0;0;0m▀[38;2;0;0;0;48;2;0;0;0m▀[38;2;0;0;0;48;2;0;0;0m▀[0m [0m [0m [0m [0m [0m [0m [0m [0m [0m [0m [0m [38;2;0;0;0;48;2;0;0;0m▀[38;2;0;0;0;48;2;0;0;0m▀[38;2;0;0;0;48;2;0;0;0m▀[38;2;0;0;0;48;2;0;0;0m▀[0m [0m [0m [0m [0m [0m [0m [0m [0m [0m [0m
[0m [0m [38;2;0;0;0;48;2;0;0;0m▀[38;2;0;0;0;48;2;0;0;0m▀[38;2;82;115;206;48;2;82;115;206m▀[38;2;82;115;206;48;2;82;115;206m▀[38;2;0;0;0;48;2;0;0;0m▀[38;2;0;0;0;48;2;0;0;0m▀[0m [0m [0m [0m [0m [0m [0m [0m [38;2;0;0;0;48;2;0;0;0m▀[38;2;0;0;0;48;2;0;0;0m▀[38;2;82;115;206;48;2;82;115;206m▀[38;2;82;115;206;48;2;82;115;206m▀[38;2;0;0;0;48;2;0;0;0m▀[38;2;0;0;0;48;2;0;0;0m▀[0m [0m [0m [0m [38;2;0;0;0;48;2;0;0;0m▀[38;2;0;0;0;48;2;0;0;0m▀[0m [0m [0m [0m [0m
[0m [0m [0m [0m [38;2;0;0;0;48;2;0;0;0m▀[38;2;0;0;0;48;2;0;0;0m▀[38;2;206;57;8;48;2;206;57;8m▀[38;2;206;57;8;48;2;206;57;8m▀[38;2;0;0;0;48;2;0;0;0m▀[38;2;0;0;0;48;2;0;0;0m▀[0m [0m [0m [0m [38;2;0;0;0;48;2;0;0;0m▀[38;2;0;0;0;48;2;0;0;0m▀[38;2;206;57;8;48;2;206;57;8m▀[38;2;206;57;8;48;2;206;57;8m▀[38;2;0;0;0;48;2;0;0;0m▀[38;2;0;0;0;48;2;0;0;0m▀[0m [0m [0m [0m [38;2;0;0;0;48;2;0;0;0m▀[38;2;0;0;0;48;2;0;0;0m▀[38;2;0;0;0;48;2;0;0;0m▀[38;2;0;0;0;48;2;0;0;0m▀[0m [0m [0m [0m [0m
[0m [0m [0m [0m [38;2;0;0;0;48;2;0;0;0m▀[38;2;0;0;0;48;2;0;0;0m▀[38;2;255;132;255;48;2;255;132;255m▀[38;2;255;132;255;48;2;255;132;255m▀[38;2;206;57;8;48;2;206;57;8m▀[38;2;206;57;8;48;2;206;57;8m▀[38;2;0;0;0;48;2;0;0;0m▀[38;2;0;0;0;48;2;0;0;0m▀[38;2;0;0;0;48;2;0;0;0m▀[38;2;0;0;0;48;2;0;0;0m▀[38;2;206;57;8;48;2;206;57;8m▀[38;2;206;57;8;48;2;206;57;8m▀[38;2;255;132;255;48;2;255;132;255m▀[38;2;255;132;255;48;2;255;132;255m▀[38;2;0;0;0;48;2;0;0;0m▀[38;2;0;0;0;48;2;0;0;0m▀[0m [0m [38;2;0;0;0;48;2;0;0;0m▀[38;2;0;0;0;48;2;0;0;0m▀[38;2;82;115;206;48;2;82;115;206m▀[38;2;82;115;206;48;2;82;115;206m▀[38;2;0;0;0;48;2;0;0;0m▀[38;2;0;0;0;48;2;0;0;0m▀[0m [0m [38;2;0;0;0;48;2;0;0;0m▀[38;2;0;0;0;48;2;0;0;0m▀[0m
[0m [0m [0m [0m [0m [0m [38;2;0;0;0;48;2;0;0;0m▀[38;2;0;0;0;48;2;0;0;0m▀[38;2;0;0;0;48;2;0;0;0m▀[38;2;0;0;0;48;2;0;0;0m▀[38;2;49;66;148;48;2;49;66;148m▀[38;2;49;66;148;48;2;49;66;148m▀[38;2;0;0;0;48;2;0;0;0m▀[38;2;0;0;0;48;2;0;0;0m▀[38;2;206;57;8;48;2;206;57;8m▀[38;2;206;57;8;48;2;206;57;8m▀[38;2;0;0;0;48;2;0;0;0m▀[38;2;0;0;0;48;2;0;0;0m▀[38;2;0;0;0;48;2;0;0;0m▀[38;2;0;0;0;48;2;0;0;0m▀[38;2;0;0;0;48;2;0;0;0m▀[38;2;0;0;0;48;2;0;0;0m▀[38;2;0;0;0;48;2;0;0;0m▀[38;2;0;0;0;48;2;0;0;0m▀[38;2;206;0;0;48;2;206;0;0m▀[38;2;206;0;0;48;2;206;0;0m▀[38;2;0;0;0;48;2;0;0;0m▀[38;2;0;0;0;48;2;0;0;0m▀[38;2;0;0;0;48;2;0;0;0m▀[38;2;0;0;0;48;2;0;0;0m▀[38;2;0;0;0;48;2;0;0;0m▀[38;2;0;0;0;48;2;0;0;0m▀[0m
[0m [0m [0m [0m [38;2;0;0;0;48;2;0;0;0m▀[38;2;0;0;0;48;2;0;0;0m▀[38;2;247;90;33;48;2;247;90;33m▀[38;2;247;90;33;48;2;247;90;33m▀[38;2;49;66;148;48;2;49;66;148m▀[38;2;49;66;148;48;2;49;66;148m▀[38;2;247;90;33;48;2;247;90;33m▀[38;2;247;90;33;48;2;247;90;33m▀[38;2;247;90;33;48;2;247;90;33m▀[38;2;247;90;33;48;2;247;90;33m▀[38;2;247;90;33;48;2;247;90;33m▀[38;2;247;90;33;48;2;247;90;33m▀[38;2;206;57;8;48;2;206;57;8m▀[38;2;206;57;8;48;2;206;57;8m▀[38;2;49;66;148;48;2;49;66;148m▀[38;2;49;66;148;48;2;49;66;148m▀[38;2;49;66;148;48;2;49;66;148m▀[38;2;49;66;148;48;2;49;66;148m▀[38;2;49;66;148;48;2;49;66;148m▀[38;2;49;66;148;48;2;49;66;148m▀[38;2;0;0;0;48;2;0;0;0m▀[38;2;0;0;0;48;2;0;0;0m▀[38;2;0;0;0;48;2;0;0;0m▀[38;2;0;0;0;48;2;0;0;0m▀[38;2;49;66;148;48;2;49;66;148m▀[38;2;49;66;148;48;2;49;66;148m▀[38;2;0;0;0;48;2;0;0;0m▀[38;2;0;0;0;48;2;0;0;0m▀[0m
[0m [0m [38;2;0;0;0;48;2;0;0;0m▀[38;2;0;0;0;48;2;0;0;0m▀[38;2;247;90;33;48;2;247;90;33m▀[38;2;247;90;33;48;2;247;90;33m▀[38;2;255;255;255;48;2;255;255;255m▀[38;2;255;255;255;48;2;255;255;255m▀[38;2;247;90;33;48;2;247;90;33m▀[38;2;247;90;33;48;2;247;90;33m▀[38;2;247;90;33;48;2;247;90;33m▀[38;2;247;90;33;48;2;247;90;33m▀[38;2;255;255;255;48;2;255;255;255m▀[38;2;255;255;255;48;2;255;255;255m▀[38;2;247;90;33;48;2;247;90;33m▀[38;2;247;90;33;48;2;247;90;33m▀[38;2;247;90;33;48;2;247;90;33m▀[38;2;247;90;33;48;2;247;90;33m▀[38;2;247;90;33;48;2;247;90;33m▀[38;2;247;90;33;48;2;247;90;33m▀[38;2;206;57;8;48;2;206;57;8m▀[38;2;206;57;8;48;2;206;57;8m▀[38;2;49;66;148;48;2;49;66;148m▀[38;2;49;66;148;48;2;49;66;148m▀[38;2;49;66;148;48;2;49;66;148m▀[38;2;49;66;148;48;2;49;66;148m▀[38;2;0;0;0;48;2;0;0;0m▀[38;2;0;0;0;48;2;0;0;0m▀[38;2;206;0;0;48;2;206;0;0m▀[38;2;206;0;0;48;2;206;0;0m▀[38;2;0;0;0;48;2;0;0;0m▀[38;2;0;0;0;48;2;0;0;0m▀[0m
[0m [0m [38;2;0;0;0;48;2;0;0;0m▀[38;2;0;0;0;48;2;0;0;0m▀[38;2;247;90;33;48;2;247;90;33m▀[38;2;247;90;33;48;2;247;90;33m▀[38;2;49;66;148;48;2;49;66;148m▀[38;2;49;66;148;48;2;49;66;148m▀[38;2;247;90;33;48;2;247;90;33m▀[38;2;247;90;33;48;2;247;90;33m▀[38;2;247;90;33;48;2;247;90;33m▀[38;2;247;90;33;48;2;247;90;33m▀[38;2;49;66;148;48;2;49;66;148m▀[38;2;49;66;148;48;2;49;66;148m▀[38;2;247;90;33;48;2;247;90;33m▀[38;2;247;90;33;48;2;247;90;33m▀[38;2;247;90;33;48;2;247;90;33m▀[38;2;247;90;33;48;2;247;90;33m▀[38;2;247;90;33;48;2;247;90;33m▀[38;2;247;90;33;48;2;247;90;33m▀[38;2;247;90;33;48;2;247;90;33m▀[38;2;247;90;33;48;2;247;90;33m▀[38;2;206;57;8;48;2;206;57;8m▀[38;2;206;57;8;48;2;206;57;8m▀[38;2;206;0;0;48;2;206;0;0m▀[38;2;206;0;0;48;2;206;0;0m▀[38;2;49;66;148;48;2;49;66;148m▀[38;2;49;66;148;48;2;49;66;148m▀[38;2;0;0;0;48;2;0;0;0m▀[38;2;0;0;0;48;2;0;0;0m▀[0m [0m [0m
[0m [0m [38;2;0;0;0;48;2;0;0;0m▀[38;2;0;0;0;48;2;0;0;0m▀[38;2;247;90;33;48;2;247;90;33m▀[38;2;247;90;33;48;2;247;90;33m▀[38;2;247;90;33;48;2;247;90;33m▀[38;2;247;90;33;48;2;247;90;33m▀[38;2;247;90;33;48;2;247;90;33m▀[38;2;247;90;33;48;2;247;90;33m▀[38;2;247;90;33;48;2;247;90;33m▀[38;2;247;90;33;48;2;247;90;33m▀[38;2;247;90;33;48;2;247;90;33m▀[38;2;247;90;33;48;2;247;90;33m▀[38;2;247;90;33;48;2;247;90;33m▀[38;2;247;90;33;48;2;247;90;33m▀[38;2;247;90;33;48;2;247;90;33m▀[38;2;247;90;33;48;2;247;90;33m▀[38;2;206;57;8;48;2;206;57;8m▀[38;2;206;57;8;48;2;206;57;8m▀[38;2;206;57;8;48;2;206;57;8m▀[38;2;206;57;8;48;2;206;57;8m▀[38;2;206;0;0;48;2;206;0;0m▀[38;2;206;0;0;48;2;206;0;0m▀[38;2;206;0;0;48;2;206;0;0m▀[38;2;206;0;0;48;2;206;0;0m▀[38;2;206;0;0;48;2;206;0;0m▀[38;2;206;0;0;48;2;206;0;0m▀[38;2;0;0;0;48;2;0;0;0m▀[38;2;0;0;0;48;2;0;0;0m▀[0m [0m [0m
[0m [0m [38;2;0;0;0;48;2;0;0;0m▀[38;2;0;0;0;48;2;0;0;0m▀[38;2;49;66;148;48;2;49;66;148m▀[38;2;49;66;148;48;2;49;66;148m▀[38;2;206;57;8;48;2;206;57;8m▀[38;2;206;57;8;48;2;206;57;8m▀[38;2;206;57;8;48;2;206;57;8m▀[38;2;206;57;8;48;2;206;57;8m▀[38;2;206;57;8;48;2;206;57;8m▀[38;2;206;57;8;48;2;206;57;8m▀[38;2;206;57;8;48;2;206;57;8m▀[38;2;206;57;8;48;2;206;57;8m▀[38;2;247;90;33;48;2;247;90;33m▀[38;2;247;90;33;48;2;247;90;33m▀[38;2;49;66;148;48;2;49;66;148m▀[38;2;49;66;148;48;2;49;66;148m▀[38;2;49;66;148;48;2;49;66;148m▀[38;2;49;66;148;48;2;49;66;148m▀[38;2;0;0;0;48;2;0;0;0m▀[38;2;0;0;0;48;2;0;0;0m▀[38;2;206;0;0;48;2;206;0;0m▀[38;2;206;0;0;48;2;206;0;0m▀[38;2;0;0;0;48;2;0;0;0m▀[38;2;0;0;0;48;2;0;0;0m▀[38;2;49;66;148;48;2;49;66;148m▀[38;2;49;66;148;48;2;49;66;148m▀[38;2;206;0;0;48;2;206;0;0m▀[38;2;206;0;0;48;2;206;0;0m▀[38;2;0;0;0;48;2;0;0;0m▀[38;2;0;0;0;48;2;0;0;0m▀[0m
[38;2;0;0;0;48;2;0;0;0m▀[38;2;0;0;0;48;2;0;0;0m▀[38;2;214;214;214;48;2;214;214;214m▀[38;2;214;214;214;48;2;214;214;214m▀[38;2;0;0;0;48;2;0;0;0m▀[38;2;0;0;0;48;2;0;0;0m▀[38;2;0;0;0;48;2;0;0;0m▀[38;2;0;0;0;48;2;0;0;0m▀[38;2;0;0;0;48;2;0;0;0m▀[38;2;0;0;0;48;2;0;0;0m▀[38;2;0;0;0;48;2;0;0;0m▀[38;2;0;0;0;48;2;0;0;0m▀[38;2;0;0;0;48;2;0;0;0m▀[38;2;0;0;0;48;2;0;0;0m▀[38;2;214;214;214;48;2;214;214;214m▀[38;2;214;214;214;48;2;214;214;214m▀[38;2;206;57;8;48;2;206;57;8m▀[38;2;206;57;8;48;2;206;57;8m▀[38;2;0;0;0;48;2;0;0;0m▀[38;2;0;0;0;48;2;0;0;0m▀[38;2;0;0;0;48;2;0;0;0m▀[38;2;0;0;0;48;2;0;0;0m▀[38;2;0;0;0;48;2;0;0;0m▀[38;2;0;0;0;48;2;0;0;0m▀[38;2;214;214;214;48;2;214;214;214m▀[38;2;214;214;214;48;2;214;214;214m▀[38;2;206;0;0;48;2;206;0;0m▀[38;2;206;0;0;48;2;206;0;0m▀[38;2;49;66;148;48;2;49;66;148m▀[38;2;49;66;148;48;2;49;66;148m▀[38;2;0;0;0;48;2;0;0;0m▀[38;2;0;0;0;48;2;0;0;0m▀[0m
[38;2;0;0;0;48;2;0;0;0m▀[38;2;0;0;0;48;2;0;0;0m▀[38;2;0;0;0;48;2;0;0;0m▀[38;2;0;0;0;48;2;0;0;0m▀[38;2;0;0;0;48;2;0;0;0m▀[38;2;0;0;0;48;2;0;0;0m▀[38;2;0;0;0;48;2;0;0;0m▀[38;2;0;0;0;48;2;0;0;0m▀[0m [0m [0m [0m [38;2;0;0;0;48;2;0;0;0m▀[38;2;0;0;0;48;2;0;0;0m▀[38;2;0;0;0;48;2;0;0;0m▀[38;2;0;0;0;48;2;0;0;0m▀[38;2;0;0;0;48;2;0;0;0m▀[38;2;0;0;0;48;2;0;0;0m▀[38;2;0;0;0;48;2;0;0;0m▀[38;2;0;0;0;48;2;0;0;0m▀[0m [0m [38;2;0;0;0;48;2;0;0;0m▀[38;2;0;0;0;48;2;0;0;0m▀[38;2;0;0;0;48;2;0;0;0m▀[38;2;0;0;0;48;2;0;0;0m▀[38;2;0;0;0;48;2;0;0;0m▀[38;2;0;0;0;48;2;0;0;0m▀[38;2;0;0;0;48;2;0;0;0m▀[38;2;0;0;0;48;2;0;0;0m▀[0m [0m [0m
