[0m [0m [0m [0m [0m [0m [0m [0m [0m [0m [0m [0m [0m [0m [38;2;0;0;0;48;2;0;0;0m▀[38;2;0;0;0;48;2;0;0;0m▀[38;2;0;0;0;48;2;0;0;0m▀[38;2;0;0;0;48;2;0;0;0m▀[0m [0m [0m [0m [0m [0m [0m [0m [0m [0m [0m [0m [0m [0m [0m
[0m [0m [0m [0m [0m [0m [0m [0m [0m [0m [0m [0m [38;2;0;0;0;48;2;0;0;0m▀[38;2;0;0;0;48;2;0;0;0m▀[38;2;250;161;157;48;2;250;161;157m▀[38;2;250;161;157;48;2;250;161;157m▀[38;2;245;44;35;48;2;245;44;35m▀[38;2;245;44;35;48;2;245;44;35m▀[38;2;0;0;0;48;2;0;0;0m▀[38;2;0;0;0;48;2;0;0;0m▀[0m [0m [0m [0m [0m [0m [0m [0m [0m [0m [0m [0m [0m
[0m [0m [0m [0m [0m [0m [0m [0m [0m [0m [38;2;0;0;0;48;2;0;0;0m▀[38;2;0;0;0;48;2;0;0;0m▀[38;2;127;130;135;48;2;127;130;135m▀[38;2;127;130;135;48;2;127;130;135m▀[38;2;66;70;73;48;2;66;70;73m▀[38;2;66;70;73;48;2;66;70;73m▀[38;2;46;49;52;48;2;46;49;52m▀[38;2;46;49;52;48;2;46;49;52m▀[38;2;46;49;52;48;2;46;49;52m▀[38;2;46;49;52;48;2;46;49;52m▀[38;2;0;0;0;48;2;0;0;0m▀[38;2;0;0;0;48;2;0;0;0m▀[0m [0m [0m [0m [0m [0m [0m [0m [0m [0m [0m
[0m [0m [0m [0m [0m [0m [0m [0m [38;2;0;0;0;48;2;0;0;0m▀[38;2;0;0;0;48;2;0;0;0m▀[38;2;127;130;135;48;2;127;130;135m▀[38;2;127;130;135;48;2;127;130;135m▀[38;2;0;0;0;48;2;0;0;0m▀[38;2;0;0;0;48;2;0;0;0m▀[38;2;66;70;73;48;2;66;70;73m▀[38;2;66;70;73;48;2;66;70;73m▀[38;2;66;70;73;48;2;66;70;73m▀[38;2;66;70;73;48;2;66;70;73m▀[38;2;0;0;0;48;2;0;0;0m▀[38;2;0;0;0;48;2;0;0;0m▀[38;2;46;49;52;48;2;46;49;52m▀[38;2;46;49;52;48;2;46;49;52m▀[38;2;0;0;0;48;2;0;0;0m▀[38;2;0;0;0;48;2;0;0;0m▀[0m [0m [0m [0m [0m [0m [0m [0m [0m
[0m [0m [0m [0m [0m [0m [0m [0m [38;2;0;0;0;48;2;0;0;0m▀[38;2;0;0;0;48;2;0;0;0m▀[38;2;0;0;0;48;2;0;0;0m▀[38;2;0;0;0;48;2;0;0;0m▀[38;2;255;241;203;48;2;255;241;203m▀[38;2;255;241;203;48;2;255;241;203m▀[38;2;0;0;0;48;2;0;0;0m▀[38;2;0;0;0;48;2;0;0;0m▀[38;2;0;0;0;48;2;0;0;0m▀[38;2;0;0;0;48;2;0;0;0m▀[38;2;204;142;34;48;2;204;142;34m▀[38;2;204;142;34;48;2;204;142;34m▀[38;2;0;0;0;48;2;0;0;0m▀[38;2;0;0;0;48;2;0;0;0m▀[38;2;0;0;0;48;2;0;0;0m▀[38;2;0;0;0;48;2;0;0;0m▀[0m [0m [0m [0m [0m [0m [0m [0m [0m
[0m [0m [0m [0m [0m [0m [0m [0m [38;2;0;0;0;48;2;0;0;0m▀[38;2;0;0;0;48;2;0;0;0m▀[38;2;255;241;203;48;2;255;241;203m▀[38;2;255;241;203;48;2;255;241;203m▀[38;2;247;184;75;48;2;247;184;75m▀[38;2;247;184;75;48;2;247;184;75m▀[38;2;247;184;75;48;2;247;184;75m▀[38;2;247;184;75;48;2;247;184;75m▀[38;2;247;184;75;48;2;247;184;75m▀[38;2;247;184;75;48;2;247;184;75m▀[38;2;204;142;34;48;2;204;142;34m▀[38;2;204;142;34;48;2;204;142;34m▀[38;2;204;142;34;48;2;204;142;34m▀[38;2;204;142;34;48;2;204;142;34m▀[38;2;0;0;0;48;2;0;0;0m▀[38;2;0;0;0;48;2;0;0;0m▀[0m [0m [0m [0m [0m [0m [0m [0m [0m
[0m [0m [0m [0m [0m [0m [0m [0m [38;2;0;0;0;48;2;0;0;0m▀[38;2;0;0;0;48;2;0;0;0m▀[38;2;0;0;0;48;2;0;0;0m▀[38;2;0;0;0;48;2;0;0;0m▀[38;2;247;184;75;48;2;247;184;75m▀[38;2;247;184;75;48;2;247;184;75m▀[38;2;247;184;75;48;2;247;184;75m▀[38;2;247;184;75;48;2;247;184;75m▀[38;2;0;0;0;48;2;0;0;0m▀[38;2;0;0;0;48;2;0;0;0m▀[38;2;204;142;34;48;2;204;142;34m▀[38;2;204;142;34;48;2;204;142;34m▀[38;2;204;142;34;48;2;204;142;34m▀[38;2;204;142;34;48;2;204;142;34m▀[38;2;0;0;0;48;2;0;0;0m▀[38;2;0;0;0;48;2;0;0;0m▀[0m [0m [0m [0m [0m [0m [0m [0m [0m
[0m [0m [0m [0m [0m [0m [0m [0m [38;2;0;0;0;48;2;0;0;0m▀[38;2;0;0;0;48;2;0;0;0m▀[38;2;255;241;203;48;2;255;241;203m▀[38;2;255;241;203;48;2;255;241;203m▀[38;2;247;184;75;48;2;247;184;75m▀[38;2;247;184;75;48;2;247;184;75m▀[38;2;247;184;75;48;2;247;184;75m▀[38;2;247;184;75;48;2;247;184;75m▀[38;2;247;184;75;48;2;247;184;75m▀[38;2;247;184;75;48;2;247;184;75m▀[38;2;204;142;34;48;2;204;142;34m▀[38;2;204;142;34;48;2;204;142;34m▀[38;2;204;142;34;48;2;204;142;34m▀[38;2;204;142;34;48;2;204;142;34m▀[38;2;0;0;0;48;2;0;0;0m▀[38;2;0;0;0;48;2;0;0;0m▀[0m [0m [0m [0m [0m [0m [0m [0m [0m
[0m [0m [0m [0m [0m [0m [0m [0m [38;2;0;0;0;48;2;0;0;0m▀[38;2;0;0;0;48;2;0;0;0m▀[38;2;255;241;203;48;2;255;241;203m▀[38;2;255;241;203;48;2;255;241;203m▀[38;2;0;0;0;48;2;0;0;0m▀[38;2;0;0;0;48;2;0;0;0m▀[38;2;0;0;0;48;2;0;0;0m▀[38;2;0;0;0;48;2;0;0;0m▀[38;2;247;184;75;48;2;247;184;75m▀[38;2;247;184;75;48;2;247;184;75m▀[38;2;204;142;34;48;2;204;142;34m▀[38;2;204;142;34;48;2;204;142;34m▀[38;2;204;142;34;48;2;204;142;34m▀[38;2;204;142;34;48;2;204;142;34m▀[38;2;0;0;0;48;2;0;0;0m▀[38;2;0;0;0;48;2;0;0;0m▀[0m [0m [0m [0m [0m [0m [0m [0m [0m
[0m [0m [0m [0m [0m [0m [0m [0m [38;2;0;0;0;48;2;0;0;0m▀[38;2;0;0;0;48;2;0;0;0m▀[38;2;255;241;203;48;2;255;241;203m▀[38;2;255;241;203;48;2;255;241;203m▀[38;2;247;184;75;48;2;247;184;75m▀[38;2;247;184;75;48;2;247;184;75m▀[38;2;247;184;75;48;2;247;184;75m▀[38;2;247;184;75;48;2;247;184;75m▀[38;2;247;184;75;48;2;247;184;75m▀[38;2;247;184;75;48;2;247;184;75m▀[38;2;204;142;34;48;2;204;142;34m▀[38;2;204;142;34;48;2;204;142;34m▀[38;2;0;0;0;48;2;0;0;0m▀[38;2;0;0;0;48;2;0;0;0m▀[38;2;0;0;0;48;2;0;0;0m▀[38;2;0;0;0;48;2;0;0;0m▀[0m [0m [0m [0m [0m [0m [0m [0m [0m
[0m [0m [0m [0m [0m [0m [38;2;0;0;0;48;2;0;0;0m▀[38;2;0;0;0;48;2;0;0;0m▀[38;2;0;0;0;48;2;0;0;0m▀[38;2;0;0;0;48;2;0;0;0m▀[38;2;0;0;0;48;2;0;0;0m▀[38;2;0;0;0;48;2;0;0;0m▀[38;2;0;0;0;48;2;0;0;0m▀[38;2;0;0;0;48;2;0;0;0m▀[38;2;0;0;0;48;2;0;0;0m▀[38;2;0;0;0;48;2;0;0;0m▀[38;2;0;0;0;48;2;0;0;0m▀[38;2;0;0;0;48;2;0;0;0m▀[38;2;0;0;0;48;2;0;0;0m▀[38;2;0;0;0;48;2;0;0;0m▀[38;2;51;91;243;48;2;51;91;243m▀[38;2;51;91;243;48;2;51;91;243m▀[38;2;0;0;0;48;2;0;0;0m▀[38;2;0;0;0;48;2;0;0;0m▀[38;2;0;0;0;48;2;0;0;0m▀[38;2;0;0;0;48;2;0;0;0m▀[0m [0m [0m [0m [0m [0m [0m
[0m [0m [0m [0m [38;2;0;0;0;48;2;0;0;0m▀[38;2;0;0;0;48;2;0;0;0m▀[38;2;245;218;37;48;2;245;218;37m▀[38;2;245;218;37;48;2;245;218;37m▀[38;2;0;0;0;48;2;0;0;0m▀[38;2;0;0;0;48;2;0;0;0m▀[38;2;248;243;201;48;2;248;243;201m▀[38;2;248;243;201;48;2;248;243;201m▀[38;2;249;228;50;48;2;249;228;50m▀[38;2;249;228;50;48;2;249;228;50m▀[38;2;177;161;22;48;2;177;161;22m▀[38;2;177;161;22;48;2;177;161;22m▀[38;2;249;228;50;48;2;249;228;50m▀[38;2;249;228;50;48;2;249;228;50m▀[38;2;177;161;22;48;2;177;161;22m▀[38;2;177;161;22;48;2;177;161;22m▀[38;2;0;0;0;48;2;0;0;0m▀[38;2;0;0;0;48;2;0;0;0m▀[38;2;252;129;196;48;2;252;129;196m▀[38;2;252;129;196;48;2;252;129;196m▀[38;2;202;82;147;48;2;202;82;147m▀[38;2;202;82;147;48;2;202;82;147m▀[38;2;0;0;0;48;2;0;0;0m▀[38;2;0;0;0;48;2;0;0;0m▀[0m [0m [0m [0m [0m
[0m [0m [0m [0m [38;2;0;0;0;48;2;0;0;0m▀[38;2;0;0;0;48;2;0;0;0m▀[38;2;194;171;14;48;2;194;171;14m▀[38;2;194;171;14;48;2;194;171;14m▀[38;2;194;171;14;48;2;194;171;14m▀[38;2;194;171;14;48;2;194;171;14m▀[38;2;0;0;0;48;2;0;0;0m▀[38;2;0;0;0;48;2;0;0;0m▀[38;2;0;0;0;48;2;0;0;0m▀[38;2;0;0;0;48;2;0;0;0m▀[38;2;0;0;0;48;2;0;0;0m▀[38;2;0;0;0;48;2;0;0;0m▀[38;2;0;0;0;48;2;0;0;0m▀[38;2;0;0;0;48;2;0;0;0m▀[38;2;0;0;0;48;2;0;0;0m▀[38;2;0;0;0;48;2;0;0;0m▀[38;2;0;0;0;48;2;0;0;0m▀[38;2;0;0;0;48;2;0;0;0m▀[38;2;202;82;147;48;2;202;82;147m▀[38;2;202;82;147;48;2;202;82;147m▀[38;2;202;82;147;48;2;202;82;147m▀[38;2;202;82;147;48;2;202;82;147m▀[38;2;0;0;0;48;2;0;0;0m▀[38;2;0;0;0;48;2;0;0;0m▀[0m [0m [0m [0m [0m
[0m [0m [0m [0m [0m [0m [38;2;0;0;0;48;2;0;0;0m▀[38;2;0;0;0;48;2;0;0;0m▀[38;2;0;0;0;48;2;0;0;0m▀[38;2;0;0;0;48;2;0;0;0m▀[38;2;0;0;0;48;2;0;0;0m▀[38;2;0;0;0;48;2;0;0;0m▀[38;2;158;97;240;48;2;158;97;240m▀[38;2;158;97;240;48;2;158;97;240m▀[38;2;0;0;0;48;2;0;0;0m▀[38;2;0;0;0;48;2;0;0;0m▀[38;2;0;0;0;48;2;0;0;0m▀[38;2;0;0;0;48;2;0;0;0m▀[38;2;246;147;17;48;2;246;147;17m▀[38;2;246;147;17;48;2;246;147;17m▀[38;2;0;0;0;48;2;0;0;0m▀[38;2;0;0;0;48;2;0;0;0m▀[38;2;0;0;0;48;2;0;0;0m▀[38;2;0;0;0;48;2;0;0;0m▀[38;2;0;0;0;48;2;0;0;0m▀[38;2;0;0;0;48;2;0;0;0m▀[0m [0m [0m [0m [0m [0m [0m
[0m [0m [0m [0m [0m [0m [0m [0m [38;2;0;0;0;48;2;0;0;0m▀[38;2;0;0;0;48;2;0;0;0m▀[38;2;247;35;90;48;2;247;35;90m▀[38;2;247;35;90;48;2;247;35;90m▀[38;2;98;196;252;48;2;98;196;252m▀[38;2;98;196;252;48;2;98;196;252m▀[38;2;0;0;0;48;2;0;0;0m▀[38;2;0;0;0;48;2;0;0;0m▀[38;2;98;196;252;48;2;98;196;252m▀[38;2;98;196;252;48;2;98;196;252m▀[38;2;97;89;109;48;2;97;89;109m▀[38;2;97;89;109;48;2;97;89;109m▀[38;2;0;0;0;48;2;0;0;0m▀[38;2;0;0;0;48;2;0;0;0m▀[0m [0m [0m [0m [0m [0m [0m [0m [0m [0m [0m
[0m [0m [0m [0m [0m [0m [38;2;0;0;0;48;2;0;0;0m▀[38;2;0;0;0;48;2;0;0;0m▀[38;2;0;0;0;48;2;0;0;0m▀[38;2;0;0;0;48;2;0;0;0m▀[38;2;0;0;0;48;2;0;0;0m▀[38;2;0;0;0;48;2;0;0;0m▀[38;2;0;0;0;48;2;0;0;0m▀[38;2;0;0;0;48;2;0;0;0m▀[38;2;0;0;0;48;2;0;0;0m▀[38;2;0;0;0;48;2;0;0;0m▀[38;2;0;0;0;48;2;0;0;0m▀[38;2;0;0;0;48;2;0;0;0m▀[38;2;0;0;0;48;2;0;0;0m▀[38;2;0;0;0;48;2;0;0;0m▀[38;2;0;0;0;48;2;0;0;0m▀[38;2;0;0;0;48;2;0;0;0m▀[0m [0m [0m [0m [0m [0m [0m [0m [0m [0m [0m
