[0m [0m [0m [0m [0m [0m [0m [0m [0m [0m [0m [0m [0m [0m [0m [0m [0m [0m [0m [0m [0m [0m [0m [0m [0m [0m [0m [0m [0m [0m [0m [0m [0m
[0m [0m [0m [0m [0m [0m [0m [0m [0m [0m [0m [0m [0m [0m [0m [0m [0m [0m [0m [0m [0m [0m [0m [0m [0m [0m [0m [0m [0m [0m [0m [0m [0m
[0m [0m [0m [0m [0m [0m [0m [0m [0m [0m [0m [0m [0m [0m [38;2;0;0;0;48;2;0;0;0m▀[38;2;0;0;0;48;2;0;0;0m▀[38;2;0;0;0;48;2;0;0;0m▀[38;2;0;0;0;48;2;0;0;0m▀[38;2;0;0;0;48;2;0;0;0m▀[38;2;0;0;0;48;2;0;0;0m▀[0m [0m [0m [0m [0m [0m [0m [0m [0m [0m [0m [0m [0m
[0m [0m [0m [0m [0m [0m [0m [0m [0m [0m [0m [0m [38;2;0;0;0;48;2;0;0;0m▀[38;2;0;0;0;48;2;0;0;0m▀[38;2;248;144;88;48;2;248;144;88m▀[38;2;248;144;88;48;2;248;144;88m▀[38;2;248;144;88;48;2;248;144;88m▀[38;2;248;144;88;48;2;248;144;88m▀[38;2;248;144;88;48;2;248;144;88m▀[38;2;248;144;88;48;2;248;144;88m▀[38;2;0;0;0;48;2;0;0;0m▀[38;2;0;0;0;48;2;0;0;0m▀[0m [0m [0m [0m [0m [0m [0m [0m [0m [0m [0m
[0m [0m [0m [0m [0m [0m [0m [0m [0m [0m [38;2;0;0;0;48;2;0;0;0m▀[38;2;0;0;0;48;2;0;0;0m▀[38;2;152;40;8;48;2;152;40;8m▀[38;2;152;40;8;48;2;152;40;8m▀[38;2;216;80;0;48;2;216;80;0m▀[38;2;216;80;0;48;2;216;80;0m▀[38;2;0;0;0;48;2;0;0;0m▀[38;2;0;0;0;48;2;0;0;0m▀[38;2;216;80;0;48;2;216;80;0m▀[38;2;216;80;0;48;2;216;80;0m▀[38;2;248;144;88;48;2;248;144;88m▀[38;2;248;144;88;48;2;248;144;88m▀[38;2;0;0;0;48;2;0;0;0m▀[38;2;0;0;0;48;2;0;0;0m▀[0m [0m [0m [0m [0m [0m [0m [0m [0m
[0m [0m [0m [0m [0m [0m [38;2;0;0;0;48;2;0;0;0m▀[38;2;0;0;0;48;2;0;0;0m▀[38;2;0;0;0;48;2;0;0;0m▀[38;2;0;0;0;48;2;0;0;0m▀[38;2;240;240;56;48;2;240;240;56m▀[38;2;240;240;56;48;2;240;240;56m▀[38;2;0;0;0;48;2;0;0;0m▀[38;2;0;0;0;48;2;0;0;0m▀[38;2;0;0;0;48;2;0;0;0m▀[38;2;0;0;0;48;2;0;0;0m▀[38;2;0;0;0;48;2;0;0;0m▀[38;2;0;0;0;48;2;0;0;0m▀[38;2;0;0;0;48;2;0;0;0m▀[38;2;0;0;0;48;2;0;0;0m▀[38;2;248;144;88;48;2;248;144;88m▀[38;2;248;144;88;48;2;248;144;88m▀[38;2;0;0;0;48;2;0;0;0m▀[38;2;0;0;0;48;2;0;0;0m▀[0m [0m [0m [0m [0m [0m [0m [0m [0m
[0m [0m [38;2;216;80;0;48;2;216;80;0m▀[38;2;216;80;0;48;2;216;80;0m▀[38;2;0;0;0;48;2;0;0;0m▀[38;2;0;0;0;48;2;0;0;0m▀[38;2;240;240;56;48;2;240;240;56m▀[38;2;240;240;56;48;2;240;240;56m▀[38;2;240;240;56;48;2;240;240;56m▀[38;2;240;240;56;48;2;240;240;56m▀[38;2;240;240;56;48;2;240;240;56m▀[38;2;240;240;56;48;2;240;240;56m▀[38;2;240;240;56;48;2;240;240;56m▀[38;2;240;240;56;48;2;240;240;56m▀[38;2;232;184;48;48;2;232;184;48m▀[38;2;232;184;48;48;2;232;184;48m▀[38;2;216;80;0;48;2;216;80;0m▀[38;2;216;80;0;48;2;216;80;0m▀[38;2;0;0;0;48;2;0;0;0m▀[38;2;0;0;0;48;2;0;0;0m▀[38;2;216;80;0;48;2;216;80;0m▀[38;2;216;80;0;48;2;216;80;0m▀[38;2;0;0;0;48;2;0;0;0m▀[38;2;0;0;0;48;2;0;0;0m▀[0m [0m [0m [0m [0m [0m [0m [0m [0m
[0m [0m [0m [0m [38;2;216;80;0;48;2;216;80;0m▀[38;2;216;80;0;48;2;216;80;0m▀[38;2;216;80;0;48;2;216;80;0m▀[38;2;216;80;0;48;2;216;80;0m▀[38;2;240;240;56;48;2;240;240;56m▀[38;2;240;240;56;48;2;240;240;56m▀[38;2;240;240;56;48;2;240;240;56m▀[38;2;240;240;56;48;2;240;240;56m▀[38;2;216;80;0;48;2;216;80;0m▀[38;2;216;80;0;48;2;216;80;0m▀[38;2;216;80;0;48;2;216;80;0m▀[38;2;216;80;0;48;2;216;80;0m▀[38;2;232;184;48;48;2;232;184;48m▀[38;2;232;184;48;48;2;232;184;48m▀[38;2;0;0;0;48;2;0;0;0m▀[38;2;0;0;0;48;2;0;0;0m▀[38;2;216;80;0;48;2;216;80;0m▀[38;2;216;80;0;48;2;216;80;0m▀[38;2;0;0;0;48;2;0;0;0m▀[38;2;0;0;0;48;2;0;0;0m▀[0m [0m [0m [0m [0m [0m [0m [0m [0m
[0m [0m [38;2;216;80;0;48;2;216;80;0m▀[38;2;216;80;0;48;2;216;80;0m▀[38;2;240;240;56;48;2;240;240;56m▀[38;2;240;240;56;48;2;240;240;56m▀[38;2;240;240;56;48;2;240;240;56m▀[38;2;240;240;56;48;2;240;240;56m▀[38;2;240;240;56;48;2;240;240;56m▀[38;2;240;240;56;48;2;240;240;56m▀[38;2;240;240;56;48;2;240;240;56m▀[38;2;240;240;56;48;2;240;240;56m▀[38;2;240;240;56;48;2;240;240;56m▀[38;2;240;240;56;48;2;240;240;56m▀[38;2;240;240;56;48;2;240;240;56m▀[38;2;240;240;56;48;2;240;240;56m▀[38;2;216;80;0;48;2;216;80;0m▀[38;2;216;80;0;48;2;216;80;0m▀[38;2;0;0;0;48;2;0;0;0m▀[38;2;0;0;0;48;2;0;0;0m▀[38;2;216;80;0;48;2;216;80;0m▀[38;2;216;80;0;48;2;216;80;0m▀[38;2;0;0;0;48;2;0;0;0m▀[38;2;0;0;0;48;2;0;0;0m▀[0m [0m [38;2;0;0;0;48;2;0;0;0m▀[38;2;0;0;0;48;2;0;0;0m▀[38;2;0;0;0;48;2;0;0;0m▀[38;2;0;0;0;48;2;0;0;0m▀[0m [0m [0m
[0m [0m [38;2;0;0;0;48;2;0;0;0m▀[38;2;0;0;0;48;2;0;0;0m▀[38;2;240;240;56;48;2;240;240;56m▀[38;2;240;240;56;48;2;240;240;56m▀[38;2;0;0;0;48;2;0;0;0m▀[38;2;0;0;0;48;2;0;0;0m▀[38;2;240;240;56;48;2;240;240;56m▀[38;2;240;240;56;48;2;240;240;56m▀[38;2;240;240;56;48;2;240;240;56m▀[38;2;240;240;56;48;2;240;240;56m▀[38;2;0;0;0;48;2;0;0;0m▀[38;2;0;0;0;48;2;0;0;0m▀[38;2;240;240;56;48;2;240;240;56m▀[38;2;240;240;56;48;2;240;240;56m▀[38;2;232;184;48;48;2;232;184;48m▀[38;2;232;184;48;48;2;232;184;48m▀[38;2;0;0;0;48;2;0;0;0m▀[38;2;0;0;0;48;2;0;0;0m▀[38;2;152;40;8;48;2;152;40;8m▀[38;2;152;40;8;48;2;152;40;8m▀[38;2;0;0;0;48;2;0;0;0m▀[38;2;0;0;0;48;2;0;0;0m▀[0m [0m [0m [0m [38;2;0;0;0;48;2;0;0;0m▀[38;2;0;0;0;48;2;0;0;0m▀[38;2;0;0;0;48;2;0;0;0m▀[38;2;0;0;0;48;2;0;0;0m▀[0m
[0m [0m [38;2;0;0;0;48;2;0;0;0m▀[38;2;0;0;0;48;2;0;0;0m▀[38;2;232;184;48;48;2;232;184;48m▀[38;2;232;184;48;48;2;232;184;48m▀[38;2;240;240;56;48;2;240;240;56m▀[38;2;240;240;56;48;2;240;240;56m▀[38;2;0;0;0;48;2;0;0;0m▀[38;2;0;0;0;48;2;0;0;0m▀[38;2;240;240;56;48;2;240;240;56m▀[38;2;240;240;56;48;2;240;240;56m▀[38;2;240;240;56;48;2;240;240;56m▀[38;2;240;240;56;48;2;240;240;56m▀[38;2;232;184;48;48;2;232;184;48m▀[38;2;232;184;48;48;2;232;184;48m▀[38;2;232;184;48;48;2;232;184;48m▀[38;2;232;184;48;48;2;232;184;48m▀[38;2;0;0;0;48;2;0;0;0m▀[38;2;0;0;0;48;2;0;0;0m▀[38;2;152;40;8;48;2;152;40;8m▀[38;2;152;40;8;48;2;152;40;8m▀[38;2;216;80;0;48;2;216;80;0m▀[38;2;216;80;0;48;2;216;80;0m▀[38;2;0;0;0;48;2;0;0;0m▀[38;2;0;0;0;48;2;0;0;0m▀[38;2;0;0;0;48;2;0;0;0m▀[38;2;0;0;0;48;2;0;0;0m▀[38;2;216;80;0;48;2;216;80;0m▀[38;2;216;80;0;48;2;216;80;0m▀[38;2;0;0;0;48;2;0;0;0m▀[38;2;0;0;0;48;2;0;0;0m▀[0m
[38;2;0;0;0;48;2;0;0;0m▀[38;2;0;0;0;48;2;0;0;0m▀[38;2;240;240;56;48;2;240;240;56m▀[38;2;240;240;56;48;2;240;240;56m▀[38;2;0;0;0;48;2;0;0;0m▀[38;2;0;0;0;48;2;0;0;0m▀[38;2;0;0;0;48;2;0;0;0m▀[38;2;0;0;0;48;2;0;0;0m▀[38;2;240;124;13;48;2;240;124;13m▀[38;2;240;124;13;48;2;240;124;13m▀[38;2;0;0;0;48;2;0;0;0m▀[38;2;0;0;0;48;2;0;0;0m▀[38;2;232;184;48;48;2;232;184;48m▀[38;2;232;184;48;48;2;232;184;48m▀[38;2;232;184;48;48;2;232;184;48m▀[38;2;232;184;48;48;2;232;184;48m▀[38;2;0;0;0;48;2;0;0;0m▀[38;2;0;0;0;48;2;0;0;0m▀[38;2;240;240;56;48;2;240;240;56m▀[38;2;240;240;56;48;2;240;240;56m▀[38;2;0;0;0;48;2;0;0;0m▀[38;2;0;0;0;48;2;0;0;0m▀[38;2;152;40;8;48;2;152;40;8m▀[38;2;152;40;8;48;2;152;40;8m▀[38;2;216;80;0;48;2;216;80;0m▀[38;2;216;80;0;48;2;216;80;0m▀[38;2;216;80;0;48;2;216;80;0m▀[38;2;216;80;0;48;2;216;80;0m▀[38;2;152;40;8;48;2;152;40;8m▀[38;2;152;40;8;48;2;152;40;8m▀[38;2;0;0;0;48;2;0;0;0m▀[38;2;0;0;0;48;2;0;0;0m▀[0m
[38;2;0;0;0;48;2;0;0;0m▀[38;2;0;0;0;48;2;0;0;0m▀[38;2;0;0;0;48;2;0;0;0m▀[38;2;0;0;0;48;2;0;0;0m▀[0m [0m [38;2;0;0;0;48;2;0;0;0m▀[38;2;0;0;0;48;2;0;0;0m▀[38;2;0;0;0;48;2;0;0;0m▀[38;2;0;0;0;48;2;0;0;0m▀[38;2;0;0;0;48;2;0;0;0m▀[38;2;0;0;0;48;2;0;0;0m▀[38;2;0;0;0;48;2;0;0;0m▀[38;2;0;0;0;48;2;0;0;0m▀[38;2;0;0;0;48;2;0;0;0m▀[38;2;0;0;0;48;2;0;0;0m▀[0m [0m [38;2;0;0;0;48;2;0;0;0m▀[38;2;0;0;0;48;2;0;0;0m▀[38;2;0;0;0;48;2;0;0;0m▀[38;2;0;0;0;48;2;0;0;0m▀[38;2;0;0;0;48;2;0;0;0m▀[38;2;0;0;0;48;2;0;0;0m▀[38;2;152;40;8;48;2;152;40;8m▀[38;2;152;40;8;48;2;152;40;8m▀[38;2;152;40;8;48;2;152;40;8m▀[38;2;152;40;8;48;2;152;40;8m▀[38;2;0;0;0;48;2;0;0;0m▀[38;2;0;0;0;48;2;0;0;0m▀[0m [0m [0m
[0m [0m [0m [0m [0m [0m [0m [0m [0m [0m [0m [0m [0m [0m [0m [0m [0m [0m [0m [0m [0m [0m [0m [0m [38;2;0;0;0;48;2;0;0;0m▀[38;2;0;0;0;48;2;0;0;0m▀[38;2;0;0;0;48;2;0;0;0m▀[38;2;0;0;0;48;2;0;0;0m▀[0m [0m [0m [0m [0m
[0m [0m [0m [0m [0m [0m [0m [0m [0m [0m [0m [0m [0m [0m [0m [0m [0m [0m [0m [0m [0m [0m [0m [0m [0m [0m [0m [0m [0m [0m [0m [0m [0m
[0m [0m [0m [0m [0m [0m [0m [0m [0m [0m [0m [0m [0m [0m [0m [0m [0m [0m [0m [0m [0m [0m [0m [0m [0m [0m [0m [0m [0m [0m [0m [0m [0m
