[0m [0m [0m [0m [0m [0m [0m [0m [0m [0m [0m [0m [0m [0m [0m [0m [0m [0m [0m [0m [0m [0m [0m [0m [0m [0m [0m [0m [0m [0m [0m [0m [0m
[0m [0m [0m [0m [0m [0m [0m [0m [0m [0m [0m [0m [0m [0m [0m [0m [38;2;0;0;0;48;2;0;0;0m▀[38;2;0;0;0;48;2;0;0;0m▀[0m [0m [0m [0m [0m [0m [0m [0m [0m [0m [0m [0m [0m [0m [0m
[0m [0m [0m [0m [0m [0m [0m [0m [0m [0m [0m [0m [38;2;0;0;0;48;2;0;0;0m▀[38;2;0;0;0;48;2;0;0;0m▀[38;2;0;0;0;48;2;0;0;0m▀[38;2;0;0;0;48;2;0;0;0m▀[38;2;239;201;25;48;2;239;201;25m▀[38;2;239;201;25;48;2;239;201;25m▀[38;2;0;0;0;48;2;0;0;0m▀[38;2;0;0;0;48;2;0;0;0m▀[38;2;0;0;0;48;2;0;0;0m▀[38;2;0;0;0;48;2;0;0;0m▀[0m [0m [0m [0m [0m [0m [0m [0m [0m [0m [0m
[0m [0m [0m [0m [0m [0m [0m [0m [0m [0m [38;2;0;0;0;48;2;0;0;0m▀[38;2;0;0;0;48;2;0;0;0m▀[38;2;235;92;32;48;2;235;92;32m▀[38;2;235;92;32;48;2;235;92;32m▀[38;2;239;201;25;48;2;239;201;25m▀[38;2;239;201;25;48;2;239;201;25m▀[38;2;204;38;16;48;2;204;38;16m▀[38;2;204;38;16;48;2;204;38;16m▀[38;2;239;201;25;48;2;239;201;25m▀[38;2;239;201;25;48;2;239;201;25m▀[38;2;235;92;32;48;2;235;92;32m▀[38;2;235;92;32;48;2;235;92;32m▀[38;2;0;0;0;48;2;0;0;0m▀[38;2;0;0;0;48;2;0;0;0m▀[0m [0m [0m [0m [0m [0m [0m [0m [0m
[0m [0m [0m [0m [0m [0m [0m [0m [0m [0m [38;2;0;0;0;48;2;0;0;0m▀[38;2;0;0;0;48;2;0;0;0m▀[38;2;204;38;16;48;2;204;38;16m▀[38;2;204;38;16;48;2;204;38;16m▀[38;2;214;172;45;48;2;214;172;45m▀[38;2;214;172;45;48;2;214;172;45m▀[38;2;159;33;21;48;2;159;33;21m▀[38;2;159;33;21;48;2;159;33;21m▀[38;2;214;172;45;48;2;214;172;45m▀[38;2;214;172;45;48;2;214;172;45m▀[38;2;204;38;16;48;2;204;38;16m▀[38;2;204;38;16;48;2;204;38;16m▀[38;2;0;0;0;48;2;0;0;0m▀[38;2;0;0;0;48;2;0;0;0m▀[0m [0m [0m [0m [0m [0m [0m [0m [0m
[0m [0m [0m [0m [0m [0m [0m [0m [0m [0m [0m [0m [38;2;0;0;0;48;2;0;0;0m▀[38;2;0;0;0;48;2;0;0;0m▀[38;2;0;0;0;48;2;0;0;0m▀[38;2;0;0;0;48;2;0;0;0m▀[38;2;0;0;0;48;2;0;0;0m▀[38;2;0;0;0;48;2;0;0;0m▀[38;2;0;0;0;48;2;0;0;0m▀[38;2;0;0;0;48;2;0;0;0m▀[38;2;0;0;0;48;2;0;0;0m▀[38;2;0;0;0;48;2;0;0;0m▀[0m [0m [0m [0m [0m [0m [0m [0m [0m [0m [0m
[0m [0m [0m [0m [0m [0m [0m [0m [0m [0m [38;2;0;0;0;48;2;0;0;0m▀[38;2;0;0;0;48;2;0;0;0m▀[38;2;255;251;205;48;2;255;251;205m▀[38;2;255;251;205;48;2;255;251;205m▀[38;2;255;251;205;48;2;255;251;205m▀[38;2;255;251;205;48;2;255;251;205m▀[38;2;255;237;0;48;2;255;237;0m▀[38;2;255;237;0;48;2;255;237;0m▀[38;2;255;237;0;48;2;255;237;0m▀[38;2;255;237;0;48;2;255;237;0m▀[38;2;218;158;45;48;2;218;158;45m▀[38;2;218;158;45;48;2;218;158;45m▀[38;2;0;0;0;48;2;0;0;0m▀[38;2;0;0;0;48;2;0;0;0m▀[0m [0m [0m [0m [0m [0m [0m [0m [0m
[0m [0m [0m [0m [0m [0m [0m [0m [38;2;0;0;0;48;2;0;0;0m▀[38;2;0;0;0;48;2;0;0;0m▀[38;2;255;251;205;48;2;255;251;205m▀[38;2;255;251;205;48;2;255;251;205m▀[38;2;0;0;0;48;2;0;0;0m▀[38;2;0;0;0;48;2;0;0;0m▀[38;2;255;251;205;48;2;255;251;205m▀[38;2;255;251;205;48;2;255;251;205m▀[38;2;255;237;0;48;2;255;237;0m▀[38;2;255;237;0;48;2;255;237;0m▀[38;2;255;237;0;48;2;255;237;0m▀[38;2;255;237;0;48;2;255;237;0m▀[38;2;0;0;0;48;2;0;0;0m▀[38;2;0;0;0;48;2;0;0;0m▀[38;2;218;158;45;48;2;218;158;45m▀[38;2;218;158;45;48;2;218;158;45m▀[38;2;0;0;0;48;2;0;0;0m▀[38;2;0;0;0;48;2;0;0;0m▀[0m [0m [0m [0m [0m [0m [0m
[0m [0m [0m [0m [0m [0m [38;2;0;0;0;48;2;0;0;0m▀[38;2;0;0;0;48;2;0;0;0m▀[38;2;0;0;0;48;2;0;0;0m▀[38;2;0;0;0;48;2;0;0;0m▀[38;2;255;237;0;48;2;255;237;0m▀[38;2;255;237;0;48;2;255;237;0m▀[38;2;0;0;0;48;2;0;0;0m▀[38;2;0;0;0;48;2;0;0;0m▀[38;2;255;237;0;48;2;255;237;0m▀[38;2;255;237;0;48;2;255;237;0m▀[38;2;255;237;0;48;2;255;237;0m▀[38;2;255;237;0;48;2;255;237;0m▀[38;2;255;237;0;48;2;255;237;0m▀[38;2;255;237;0;48;2;255;237;0m▀[38;2;0;0;0;48;2;0;0;0m▀[38;2;0;0;0;48;2;0;0;0m▀[38;2;218;158;45;48;2;218;158;45m▀[38;2;218;158;45;48;2;218;158;45m▀[38;2;0;0;0;48;2;0;0;0m▀[38;2;0;0;0;48;2;0;0;0m▀[38;2;0;0;0;48;2;0;0;0m▀[38;2;0;0;0;48;2;0;0;0m▀[0m [0m [0m [0m [0m
[0m [0m [0m [0m [38;2;0;0;0;48;2;0;0;0m▀[38;2;0;0;0;48;2;0;0;0m▀[38;2;56;80;165;48;2;56;80;165m▀[38;2;56;80;165;48;2;56;80;165m▀[38;2;0;0;0;48;2;0;0;0m▀[38;2;0;0;0;48;2;0;0;0m▀[38;2;235;127;164;48;2;235;127;164m▀[38;2;235;127;164;48;2;235;127;164m▀[38;2;235;127;164;48;2;235;127;164m▀[38;2;235;127;164;48;2;235;127;164m▀[38;2;255;237;0;48;2;255;237;0m▀[38;2;255;237;0;48;2;255;237;0m▀[38;2;0;0;0;48;2;0;0;0m▀[38;2;0;0;0;48;2;0;0;0m▀[38;2;255;237;0;48;2;255;237;0m▀[38;2;255;237;0;48;2;255;237;0m▀[38;2;235;127;164;48;2;235;127;164m▀[38;2;235;127;164;48;2;235;127;164m▀[38;2;235;127;164;48;2;235;127;164m▀[38;2;235;127;164;48;2;235;127;164m▀[38;2;0;0;0;48;2;0;0;0m▀[38;2;0;0;0;48;2;0;0;0m▀[38;2;56;80;165;48;2;56;80;165m▀[38;2;56;80;165;48;2;56;80;165m▀[38;2;0;0;0;48;2;0;0;0m▀[38;2;0;0;0;48;2;0;0;0m▀[0m [0m [0m
[0m [0m [0m [0m [38;2;0;0;0;48;2;0;0;0m▀[38;2;0;0;0;48;2;0;0;0m▀[38;2;0;0;0;48;2;0;0;0m▀[38;2;0;0;0;48;2;0;0;0m▀[38;2;0;0;0;48;2;0;0;0m▀[38;2;0;0;0;48;2;0;0;0m▀[38;2;218;158;45;48;2;218;158;45m▀[38;2;218;158;45;48;2;218;158;45m▀[38;2;255;237;0;48;2;255;237;0m▀[38;2;255;237;0;48;2;255;237;0m▀[38;2;0;0;0;48;2;0;0;0m▀[38;2;0;0;0;48;2;0;0;0m▀[38;2;218;158;45;48;2;218;158;45m▀[38;2;218;158;45;48;2;218;158;45m▀[38;2;0;0;0;48;2;0;0;0m▀[38;2;0;0;0;48;2;0;0;0m▀[38;2;218;158;45;48;2;218;158;45m▀[38;2;218;158;45;48;2;218;158;45m▀[38;2;218;158;45;48;2;218;158;45m▀[38;2;218;158;45;48;2;218;158;45m▀[38;2;0;0;0;48;2;0;0;0m▀[38;2;0;0;0;48;2;0;0;0m▀[38;2;0;0;0;48;2;0;0;0m▀[38;2;0;0;0;48;2;0;0;0m▀[38;2;0;0;0;48;2;0;0;0m▀[38;2;0;0;0;48;2;0;0;0m▀[0m [0m [0m
[0m [0m [0m [0m [38;2;0;0;0;48;2;0;0;0m▀[38;2;0;0;0;48;2;0;0;0m▀[38;2;255;254;242;48;2;255;254;242m▀[38;2;255;254;242;48;2;255;254;242m▀[38;2;0;0;0;48;2;0;0;0m▀[38;2;0;0;0;48;2;0;0;0m▀[38;2;0;0;0;48;2;0;0;0m▀[38;2;0;0;0;48;2;0;0;0m▀[38;2;218;158;45;48;2;218;158;45m▀[38;2;218;158;45;48;2;218;158;45m▀[38;2;218;158;45;48;2;218;158;45m▀[38;2;218;158;45;48;2;218;158;45m▀[38;2;218;158;45;48;2;218;158;45m▀[38;2;218;158;45;48;2;218;158;45m▀[38;2;218;158;45;48;2;218;158;45m▀[38;2;218;158;45;48;2;218;158;45m▀[38;2;218;158;45;48;2;218;158;45m▀[38;2;218;158;45;48;2;218;158;45m▀[38;2;0;0;0;48;2;0;0;0m▀[38;2;0;0;0;48;2;0;0;0m▀[38;2;0;0;0;48;2;0;0;0m▀[38;2;0;0;0;48;2;0;0;0m▀[38;2;255;254;242;48;2;255;254;242m▀[38;2;255;254;242;48;2;255;254;242m▀[38;2;0;0;0;48;2;0;0;0m▀[38;2;0;0;0;48;2;0;0;0m▀[0m [0m [0m
[0m [0m [0m [0m [38;2;0;0;0;48;2;0;0;0m▀[38;2;0;0;0;48;2;0;0;0m▀[38;2;0;0;0;48;2;0;0;0m▀[38;2;0;0;0;48;2;0;0;0m▀[38;2;204;38;16;48;2;204;38;16m▀[38;2;204;38;16;48;2;204;38;16m▀[38;2;0;0;0;48;2;0;0;0m▀[38;2;0;0;0;48;2;0;0;0m▀[38;2;0;0;0;48;2;0;0;0m▀[38;2;0;0;0;48;2;0;0;0m▀[38;2;0;0;0;48;2;0;0;0m▀[38;2;0;0;0;48;2;0;0;0m▀[38;2;0;0;0;48;2;0;0;0m▀[38;2;0;0;0;48;2;0;0;0m▀[38;2;0;0;0;48;2;0;0;0m▀[38;2;0;0;0;48;2;0;0;0m▀[38;2;0;0;0;48;2;0;0;0m▀[38;2;0;0;0;48;2;0;0;0m▀[38;2;0;0;0;48;2;0;0;0m▀[38;2;0;0;0;48;2;0;0;0m▀[38;2;204;38;16;48;2;204;38;16m▀[38;2;204;38;16;48;2;204;38;16m▀[38;2;0;0;0;48;2;0;0;0m▀[38;2;0;0;0;48;2;0;0;0m▀[38;2;0;0;0;48;2;0;0;0m▀[38;2;0;0;0;48;2;0;0;0m▀[0m [0m [0m
[0m [0m [0m [0m [38;2;0;0;0;48;2;0;0;0m▀[38;2;0;0;0;48;2;0;0;0m▀[38;2;255;254;242;48;2;255;254;242m▀[38;2;255;254;242;48;2;255;254;242m▀[38;2;255;251;205;48;2;255;251;205m▀[38;2;255;251;205;48;2;255;251;205m▀[38;2;0;0;0;48;2;0;0;0m▀[38;2;0;0;0;48;2;0;0;0m▀[38;2;56;80;165;48;2;56;80;165m▀[38;2;56;80;165;48;2;56;80;165m▀[38;2;0;0;0;48;2;0;0;0m▀[38;2;0;0;0;48;2;0;0;0m▀[38;2;255;251;205;48;2;255;251;205m▀[38;2;255;251;205;48;2;255;251;205m▀[38;2;0;0;0;48;2;0;0;0m▀[38;2;0;0;0;48;2;0;0;0m▀[38;2;56;80;165;48;2;56;80;165m▀[38;2;56;80;165;48;2;56;80;165m▀[38;2;0;0;0;48;2;0;0;0m▀[38;2;0;0;0;48;2;0;0;0m▀[38;2;255;251;205;48;2;255;251;205m▀[38;2;255;251;205;48;2;255;251;205m▀[38;2;255;254;242;48;2;255;254;242m▀[38;2;255;254;242;48;2;255;254;242m▀[38;2;0;0;0;48;2;0;0;0m▀[38;2;0;0;0;48;2;0;0;0m▀[0m [0m [0m
[0m [0m [0m [0m [38;2;0;0;0;48;2;0;0;0m▀[38;2;0;0;0;48;2;0;0;0m▀[38;2;0;0;0;48;2;0;0;0m▀[38;2;0;0;0;48;2;0;0;0m▀[38;2;0;0;0;48;2;0;0;0m▀[38;2;0;0;0;48;2;0;0;0m▀[38;2;57;57;57;48;2;57;57;57m▀[38;2;57;57;57;48;2;57;57;57m▀[38;2;41;41;41;48;2;41;41;41m▀[38;2;41;41;41;48;2;41;41;41m▀[38;2;0;0;0;48;2;0;0;0m▀[38;2;0;0;0;48;2;0;0;0m▀[38;2;0;0;0;48;2;0;0;0m▀[38;2;0;0;0;48;2;0;0;0m▀[38;2;0;0;0;48;2;0;0;0m▀[38;2;0;0;0;48;2;0;0;0m▀[38;2;41;41;41;48;2;41;41;41m▀[38;2;41;41;41;48;2;41;41;41m▀[38;2;57;57;57;48;2;57;57;57m▀[38;2;57;57;57;48;2;57;57;57m▀[38;2;0;0;0;48;2;0;0;0m▀[38;2;0;0;0;48;2;0;0;0m▀[38;2;0;0;0;48;2;0;0;0m▀[38;2;0;0;0;48;2;0;0;0m▀[38;2;0;0;0;48;2;0;0;0m▀[38;2;0;0;0;48;2;0;0;0m▀[0m [0m [0m
[0m [0m [0m [0m [0m [0m [0m [0m [38;2;0;0;0;48;2;0;0;0m▀[38;2;0;0;0;48;2;0;0;0m▀[38;2;0;0;0;48;2;0;0;0m▀[38;2;0;0;0;48;2;0;0;0m▀[38;2;0;0;0;48;2;0;0;0m▀[38;2;0;0;0;48;2;0;0;0m▀[38;2;0;0;0;48;2;0;0;0m▀[38;2;0;0;0;48;2;0;0;0m▀[0m [0m [38;2;0;0;0;48;2;0;0;0m▀[38;2;0;0;0;48;2;0;0;0m▀[38;2;0;0;0;48;2;0;0;0m▀[38;2;0;0;0;48;2;0;0;0m▀[38;2;0;0;0;48;2;0;0;0m▀[38;2;0;0;0;48;2;0;0;0m▀[38;2;0;0;0;48;2;0;0;0m▀[38;2;0;0;0;48;2;0;0;0m▀[0m [0m [0m [0m [0m [0m [0m
