[0m [0m [0m [0m [0m [0m [0m [0m [0m [0m [0m [0m [0m [0m [38;2;0;0;0;48;2;0;0;0m▀[38;2;0;0;0;48;2;0;0;0m▀[38;2;0;0;0;48;2;0;0;0m▀[38;2;0;0;0;48;2;0;0;0m▀[38;2;0;0;0;48;2;0;0;0m▀[38;2;0;0;0;48;2;0;0;0m▀[0m [0m [38;2;0;0;0;48;2;0;0;0m▀[38;2;0;0;0;48;2;0;0;0m▀[38;2;0;0;0;48;2;0;0;0m▀[38;2;0;0;0;48;2;0;0;0m▀[38;2;0;0;0;48;2;0;0;0m▀[38;2;0;0;0;48;2;0;0;0m▀[0m [0m [0m [0m [0m
[0m [0m [0m [0m [0m [0m [0m [0m [0m [0m [0m [0m [38;2;0;0;0;48;2;0;0;0m▀[38;2;0;0;0;48;2;0;0;0m▀[38;2;58;85;165;48;2;58;85;165m▀[38;2;58;85;165;48;2;58;85;165m▀[38;2;58;85;165;48;2;58;85;165m▀[38;2;58;85;165;48;2;58;85;165m▀[38;2;58;85;165;48;2;58;85;165m▀[38;2;58;85;165;48;2;58;85;165m▀[38;2;0;0;0;48;2;0;0;0m▀[38;2;0;0;0;48;2;0;0;0m▀[38;2;58;85;165;48;2;58;85;165m▀[38;2;58;85;165;48;2;58;85;165m▀[38;2;58;85;165;48;2;58;85;165m▀[38;2;58;85;165;48;2;58;85;165m▀[38;2;58;85;165;48;2;58;85;165m▀[38;2;58;85;165;48;2;58;85;165m▀[38;2;0;0;0;48;2;0;0;0m▀[38;2;0;0;0;48;2;0;0;0m▀[0m [0m [0m
[0m [0m [0m [0m [0m [0m [0m [0m [0m [0m [0m [0m [0m [0m [38;2;0;0;0;48;2;0;0;0m▀[38;2;0;0;0;48;2;0;0;0m▀[38;2;0;0;0;48;2;0;0;0m▀[38;2;0;0;0;48;2;0;0;0m▀[38;2;58;85;165;48;2;58;85;165m▀[38;2;58;85;165;48;2;58;85;165m▀[38;2;58;85;165;48;2;58;85;165m▀[38;2;58;85;165;48;2;58;85;165m▀[38;2;33;61;132;48;2;33;61;132m▀[38;2;33;61;132;48;2;33;61;132m▀[38;2;0;0;0;48;2;0;0;0m▀[38;2;0;0;0;48;2;0;0;0m▀[38;2;0;0;0;48;2;0;0;0m▀[38;2;0;0;0;48;2;0;0;0m▀[0m [0m [0m [0m [0m
[0m [0m [0m [0m [0m [0m [0m [0m [0m [0m [0m [0m [0m [0m [0m [0m [0m [0m [38;2;0;0;0;48;2;0;0;0m▀[38;2;0;0;0;48;2;0;0;0m▀[38;2;33;61;132;48;2;33;61;132m▀[38;2;33;61;132;48;2;33;61;132m▀[38;2;0;0;0;48;2;0;0;0m▀[38;2;0;0;0;48;2;0;0;0m▀[0m [0m [0m [0m [0m [0m [0m [0m [0m
[0m [0m [0m [0m [0m [0m [0m [0m [0m [0m [0m [0m [0m [0m [0m [0m [0m [0m [0m [0m [38;2;0;0;0;48;2;0;0;0m▀[38;2;0;0;0;48;2;0;0;0m▀[38;2;99;121;189;48;2;99;121;189m▀[38;2;99;121;189;48;2;99;121;189m▀[38;2;0;0;0;48;2;0;0;0m▀[38;2;0;0;0;48;2;0;0;0m▀[0m [0m [0m [0m [0m [0m [0m
[0m [0m [0m [0m [0m [0m [0m [0m [0m [0m [0m [0m [38;2;0;0;0;48;2;0;0;0m▀[38;2;0;0;0;48;2;0;0;0m▀[38;2;0;0;0;48;2;0;0;0m▀[38;2;0;0;0;48;2;0;0;0m▀[0m [0m [0m [0m [38;2;0;0;0;48;2;0;0;0m▀[38;2;0;0;0;48;2;0;0;0m▀[38;2;99;121;189;48;2;99;121;189m▀[38;2;99;121;189;48;2;99;121;189m▀[38;2;0;0;0;48;2;0;0;0m▀[38;2;0;0;0;48;2;0;0;0m▀[0m [0m [0m [0m [0m [0m [0m
[0m [0m [0m [0m [0m [0m [0m [0m [0m [0m [38;2;0;0;0;48;2;0;0;0m▀[38;2;0;0;0;48;2;0;0;0m▀[38;2;132;117;107;48;2;132;117;107m▀[38;2;132;117;107;48;2;132;117;107m▀[38;2;0;0;0;48;2;0;0;0m▀[38;2;0;0;0;48;2;0;0;0m▀[38;2;0;0;0;48;2;0;0;0m▀[38;2;0;0;0;48;2;0;0;0m▀[38;2;0;0;0;48;2;0;0;0m▀[38;2;0;0;0;48;2;0;0;0m▀[38;2;132;117;107;48;2;132;117;107m▀[38;2;132;117;107;48;2;132;117;107m▀[38;2;0;0;0;48;2;0;0;0m▀[38;2;0;0;0;48;2;0;0;0m▀[38;2;99;121;189;48;2;99;121;189m▀[38;2;99;121;189;48;2;99;121;189m▀[38;2;0;0;0;48;2;0;0;0m▀[38;2;0;0;0;48;2;0;0;0m▀[0m [0m [0m [0m [0m
[0m [0m [0m [0m [38;2;0;0;0;48;2;0;0;0m▀[38;2;0;0;0;48;2;0;0;0m▀[38;2;0;0;0;48;2;0;0;0m▀[38;2;0;0;0;48;2;0;0;0m▀[38;2;0;0;0;48;2;0;0;0m▀[38;2;0;0;0;48;2;0;0;0m▀[38;2;0;0;0;48;2;0;0;0m▀[38;2;0;0;0;48;2;0;0;0m▀[38;2;0;0;0;48;2;0;0;0m▀[38;2;0;0;0;48;2;0;0;0m▀[38;2;90;73;58;48;2;90;73;58m▀[38;2;90;73;58;48;2;90;73;58m▀[38;2;0;0;0;48;2;0;0;0m▀[38;2;0;0;0;48;2;0;0;0m▀[38;2;132;117;107;48;2;132;117;107m▀[38;2;132;117;107;48;2;132;117;107m▀[38;2;0;0;0;48;2;0;0;0m▀[38;2;0;0;0;48;2;0;0;0m▀[38;2;90;73;58;48;2;90;73;58m▀[38;2;90;73;58;48;2;90;73;58m▀[38;2;0;0;0;48;2;0;0;0m▀[38;2;0;0;0;48;2;0;0;0m▀[38;2;0;0;0;48;2;0;0;0m▀[38;2;0;0;0;48;2;0;0;0m▀[0m [0m [0m [0m [0m
[0m [0m [38;2;0;0;0;48;2;0;0;0m▀[38;2;0;0;0;48;2;0;0;0m▀[38;2;132;117;107;48;2;132;117;107m▀[38;2;132;117;107;48;2;132;117;107m▀[38;2;132;117;107;48;2;132;117;107m▀[38;2;132;117;107;48;2;132;117;107m▀[38;2;90;73;58;48;2;90;73;58m▀[38;2;90;73;58;48;2;90;73;58m▀[38;2;90;73;58;48;2;90;73;58m▀[38;2;90;73;58;48;2;90;73;58m▀[38;2;90;73;58;48;2;90;73;58m▀[38;2;90;73;58;48;2;90;73;58m▀[38;2;66;53;41;48;2;66;53;41m▀[38;2;66;53;41;48;2;66;53;41m▀[38;2;66;53;41;48;2;66;53;41m▀[38;2;66;53;41;48;2;66;53;41m▀[38;2;0;0;0;48;2;0;0;0m▀[38;2;0;0;0;48;2;0;0;0m▀[38;2;66;53;41;48;2;66;53;41m▀[38;2;66;53;41;48;2;66;53;41m▀[38;2;0;0;0;48;2;0;0;0m▀[38;2;0;0;0;48;2;0;0;0m▀[38;2;66;53;41;48;2;66;53;41m▀[38;2;66;53;41;48;2;66;53;41m▀[38;2;0;0;0;48;2;0;0;0m▀[38;2;0;0;0;48;2;0;0;0m▀[38;2;0;0;0;48;2;0;0;0m▀[38;2;0;0;0;48;2;0;0;0m▀[38;2;0;0;0;48;2;0;0;0m▀[38;2;0;0;0;48;2;0;0;0m▀[0m
[38;2;0;0;0;48;2;0;0;0m▀[38;2;0;0;0;48;2;0;0;0m▀[38;2;132;117;107;48;2;132;117;107m▀[38;2;132;117;107;48;2;132;117;107m▀[38;2;189;186;181;48;2;189;186;181m▀[38;2;189;186;181;48;2;189;186;181m▀[38;2;189;186;181;48;2;189;186;181m▀[38;2;189;186;181;48;2;189;186;181m▀[38;2;132;117;107;48;2;132;117;107m▀[38;2;132;117;107;48;2;132;117;107m▀[38;2;90;73;58;48;2;90;73;58m▀[38;2;90;73;58;48;2;90;73;58m▀[38;2;90;73;58;48;2;90;73;58m▀[38;2;90;73;58;48;2;90;73;58m▀[38;2;66;53;41;48;2;66;53;41m▀[38;2;66;53;41;48;2;66;53;41m▀[38;2;0;0;0;48;2;0;0;0m▀[38;2;0;0;0;48;2;0;0;0m▀[38;2;0;0;0;48;2;0;0;0m▀[38;2;0;0;0;48;2;0;0;0m▀[38;2;0;0;0;48;2;0;0;0m▀[38;2;0;0;0;48;2;0;0;0m▀[38;2;0;0;0;48;2;0;0;0m▀[38;2;0;0;0;48;2;0;0;0m▀[38;2;0;0;0;48;2;0;0;0m▀[38;2;0;0;0;48;2;0;0;0m▀[38;2;0;0;0;48;2;0;0;0m▀[38;2;0;0;0;48;2;0;0;0m▀[38;2;99;121;189;48;2;99;121;189m▀[38;2;99;121;189;48;2;99;121;189m▀[38;2;0;0;0;48;2;0;0;0m▀[38;2;0;0;0;48;2;0;0;0m▀[0m
[38;2;0;0;0;48;2;0;0;0m▀[38;2;0;0;0;48;2;0;0;0m▀[38;2;90;73;58;48;2;90;73;58m▀[38;2;90;73;58;48;2;90;73;58m▀[38;2;132;117;107;48;2;132;117;107m▀[38;2;132;117;107;48;2;132;117;107m▀[38;2;132;117;107;48;2;132;117;107m▀[38;2;132;117;107;48;2;132;117;107m▀[38;2;90;73;58;48;2;90;73;58m▀[38;2;90;73;58;48;2;90;73;58m▀[38;2;66;53;41;48;2;66;53;41m▀[38;2;66;53;41;48;2;66;53;41m▀[38;2;66;53;41;48;2;66;53;41m▀[38;2;66;53;41;48;2;66;53;41m▀[38;2;0;0;0;48;2;0;0;0m▀[38;2;0;0;0;48;2;0;0;0m▀[38;2;140;138;140;48;2;140;138;140m▀[38;2;140;138;140;48;2;140;138;140m▀[38;2;0;0;0;48;2;0;0;0m▀[38;2;0;0;0;48;2;0;0;0m▀[38;2;58;85;165;48;2;58;85;165m▀[38;2;58;85;165;48;2;58;85;165m▀[38;2;0;0;0;48;2;0;0;0m▀[38;2;0;0;0;48;2;0;0;0m▀[38;2;99;121;189;48;2;99;121;189m▀[38;2;99;121;189;48;2;99;121;189m▀[38;2;99;121;189;48;2;99;121;189m▀[38;2;99;121;189;48;2;99;121;189m▀[38;2;0;0;0;48;2;0;0;0m▀[38;2;0;0;0;48;2;0;0;0m▀[0m [0m [0m
[38;2;0;0;0;48;2;0;0;0m▀[38;2;0;0;0;48;2;0;0;0m▀[38;2;66;53;41;48;2;66;53;41m▀[38;2;66;53;41;48;2;66;53;41m▀[38;2;66;53;41;48;2;66;53;41m▀[38;2;66;53;41;48;2;66;53;41m▀[38;2;66;53;41;48;2;66;53;41m▀[38;2;66;53;41;48;2;66;53;41m▀[38;2;66;53;41;48;2;66;53;41m▀[38;2;66;53;41;48;2;66;53;41m▀[38;2;0;0;0;48;2;0;0;0m▀[38;2;0;0;0;48;2;0;0;0m▀[38;2;0;0;0;48;2;0;0;0m▀[38;2;0;0;0;48;2;0;0;0m▀[38;2;140;138;140;48;2;140;138;140m▀[38;2;140;138;140;48;2;140;138;140m▀[38;2;0;0;0;48;2;0;0;0m▀[38;2;0;0;0;48;2;0;0;0m▀[38;2;58;85;165;48;2;58;85;165m▀[38;2;58;85;165;48;2;58;85;165m▀[38;2;58;85;165;48;2;58;85;165m▀[38;2;58;85;165;48;2;58;85;165m▀[38;2;58;85;165;48;2;58;85;165m▀[38;2;58;85;165;48;2;58;85;165m▀[38;2;0;0;0;48;2;0;0;0m▀[38;2;0;0;0;48;2;0;0;0m▀[38;2;0;0;0;48;2;0;0;0m▀[38;2;0;0;0;48;2;0;0;0m▀[0m [0m [0m [0m [0m
[38;2;0;0;0;48;2;0;0;0m▀[38;2;0;0;0;48;2;0;0;0m▀[38;2;0;0;0;48;2;0;0;0m▀[38;2;0;0;0;48;2;0;0;0m▀[38;2;0;0;0;48;2;0;0;0m▀[38;2;0;0;0;48;2;0;0;0m▀[38;2;0;0;0;48;2;0;0;0m▀[38;2;0;0;0;48;2;0;0;0m▀[38;2;0;0;0;48;2;0;0;0m▀[38;2;0;0;0;48;2;0;0;0m▀[38;2;255;251;255;48;2;255;251;255m▀[38;2;255;251;255;48;2;255;251;255m▀[38;2;0;0;0;48;2;0;0;0m▀[38;2;0;0;0;48;2;0;0;0m▀[38;2;0;0;0;48;2;0;0;0m▀[38;2;0;0;0;48;2;0;0;0m▀[38;2;58;85;165;48;2;58;85;165m▀[38;2;58;85;165;48;2;58;85;165m▀[38;2;58;85;165;48;2;58;85;165m▀[38;2;58;85;165;48;2;58;85;165m▀[38;2;58;85;165;48;2;58;85;165m▀[38;2;58;85;165;48;2;58;85;165m▀[38;2;33;61;132;48;2;33;61;132m▀[38;2;33;61;132;48;2;33;61;132m▀[38;2;0;0;0;48;2;0;0;0m▀[38;2;0;0;0;48;2;0;0;0m▀[0m [0m [0m [0m [0m [0m [0m
[38;2;0;0;0;48;2;0;0;0m▀[38;2;0;0;0;48;2;0;0;0m▀[38;2;197;28;25;48;2;197;28;25m▀[38;2;197;28;25;48;2;197;28;25m▀[38;2;255;251;255;48;2;255;251;255m▀[38;2;255;251;255;48;2;255;251;255m▀[38;2;255;251;255;48;2;255;251;255m▀[38;2;255;251;255;48;2;255;251;255m▀[38;2;255;251;255;48;2;255;251;255m▀[38;2;255;251;255;48;2;255;251;255m▀[38;2;197;28;25;48;2;197;28;25m▀[38;2;197;28;25;48;2;197;28;25m▀[38;2;197;28;25;48;2;197;28;25m▀[38;2;197;28;25;48;2;197;28;25m▀[38;2;0;0;0;48;2;0;0;0m▀[38;2;0;0;0;48;2;0;0;0m▀[38;2;58;85;165;48;2;58;85;165m▀[38;2;58;85;165;48;2;58;85;165m▀[38;2;33;61;132;48;2;33;61;132m▀[38;2;33;61;132;48;2;33;61;132m▀[38;2;33;61;132;48;2;33;61;132m▀[38;2;33;61;132;48;2;33;61;132m▀[38;2;0;0;0;48;2;0;0;0m▀[38;2;0;0;0;48;2;0;0;0m▀[0m [0m [0m [0m [0m [0m [0m [0m [0m
[0m [0m [38;2;0;0;0;48;2;0;0;0m▀[38;2;0;0;0;48;2;0;0;0m▀[38;2;0;0;0;48;2;0;0;0m▀[38;2;0;0;0;48;2;0;0;0m▀[38;2;0;0;0;48;2;0;0;0m▀[38;2;0;0;0;48;2;0;0;0m▀[38;2;0;0;0;48;2;0;0;0m▀[38;2;0;0;0;48;2;0;0;0m▀[38;2;0;0;0;48;2;0;0;0m▀[38;2;0;0;0;48;2;0;0;0m▀[38;2;0;0;0;48;2;0;0;0m▀[38;2;0;0;0;48;2;0;0;0m▀[38;2;33;61;132;48;2;33;61;132m▀[38;2;33;61;132;48;2;33;61;132m▀[38;2;33;61;132;48;2;33;61;132m▀[38;2;33;61;132;48;2;33;61;132m▀[38;2;0;0;0;48;2;0;0;0m▀[38;2;0;0;0;48;2;0;0;0m▀[38;2;0;0;0;48;2;0;0;0m▀[38;2;0;0;0;48;2;0;0;0m▀[0m [0m [0m [0m [0m [0m [0m [0m [0m [0m [0m
[0m [0m [0m [0m [38;2;0;0;0;48;2;0;0;0m▀[38;2;0;0;0;48;2;0;0;0m▀[38;2;0;0;0;48;2;0;0;0m▀[38;2;0;0;0;48;2;0;0;0m▀[38;2;0;0;0;48;2;0;0;0m▀[38;2;0;0;0;48;2;0;0;0m▀[38;2;0;0;0;48;2;0;0;0m▀[38;2;0;0;0;48;2;0;0;0m▀[38;2;0;0;0;48;2;0;0;0m▀[38;2;0;0;0;48;2;0;0;0m▀[38;2;0;0;0;48;2;0;0;0m▀[38;2;0;0;0;48;2;0;0;0m▀[38;2;0;0;0;48;2;0;0;0m▀[38;2;0;0;0;48;2;0;0;0m▀[0m [0m [0m [0m [0m [0m [0m [0m [0m [0m [0m [0m [0m [0m [0m
