[0m [0m [0m [0m [0m [0m [0m [0m [0m [0m [0m [0m [0m [0m [0m [0m [0m [0m [0m [0m [0m [0m [0m [0m [0m [0m [0m [0m [0m [0m [0m [0m [0m
[0m [0m [0m [0m [0m [0m [0m [0m [0m [0m [0m [0m [0m [0m [0m [0m [0m [0m [0m [0m [0m [0m [0m [0m [0m [0m [0m [0m [0m [0m [0m [0m [0m
[0m [0m [0m [0m [0m [0m [0m [0m [0m [0m [0m [0m [0m [0m [0m [0m [0m [0m [0m [0m [0m [0m [0m [0m [0m [0m [0m [0m [0m [0m [0m [0m [0m
[0m [0m [0m [0m [0m [0m [0m [0m [0m [0m [0m [0m [0m [0m [0m [0m [0m [0m [0m [0m [0m [0m [0m [0m [0m [0m [0m [0m [0m [0m [0m [0m [0m
[0m [0m [0m [0m [0m [0m [0m [0m [38;2;0;0;0;48;2;0;0;0m▀[38;2;0;0;0;48;2;0;0;0m▀[38;2;0;0;0;48;2;0;0;0m▀[38;2;0;0;0;48;2;0;0;0m▀[38;2;0;0;0;48;2;0;0;0m▀[38;2;0;0;0;48;2;0;0;0m▀[0m [0m [0m [0m [0m [0m [0m [0m [0m [0m [0m [0m [0m [0m [0m [0m [0m [0m [0m
[0m [0m [0m [0m [0m [0m [38;2;0;0;0;48;2;0;0;0m▀[38;2;0;0;0;48;2;0;0;0m▀[38;2;244;206;74;48;2;244;206;74m▀[38;2;244;206;74;48;2;244;206;74m▀[38;2;244;206;74;48;2;244;206;74m▀[38;2;244;206;74;48;2;244;206;74m▀[38;2;0;0;0;48;2;0;0;0m▀[38;2;0;0;0;48;2;0;0;0m▀[0m [0m [0m [0m [0m [0m [38;2;0;0;0;48;2;0;0;0m▀[38;2;0;0;0;48;2;0;0;0m▀[38;2;0;0;0;48;2;0;0;0m▀[38;2;0;0;0;48;2;0;0;0m▀[38;2;0;0;0;48;2;0;0;0m▀[38;2;0;0;0;48;2;0;0;0m▀[38;2;0;0;0;48;2;0;0;0m▀[38;2;0;0;0;48;2;0;0;0m▀[0m [0m [0m [0m [0m
[0m [0m [0m [0m [38;2;0;0;0;48;2;0;0;0m▀[38;2;0;0;0;48;2;0;0;0m▀[38;2;244;206;74;48;2;244;206;74m▀[38;2;244;206;74;48;2;244;206;74m▀[38;2;0;0;0;48;2;0;0;0m▀[38;2;0;0;0;48;2;0;0;0m▀[38;2;0;0;0;48;2;0;0;0m▀[38;2;0;0;0;48;2;0;0;0m▀[38;2;0;0;0;48;2;0;0;0m▀[38;2;0;0;0;48;2;0;0;0m▀[38;2;0;0;0;48;2;0;0;0m▀[38;2;0;0;0;48;2;0;0;0m▀[38;2;0;0;0;48;2;0;0;0m▀[38;2;0;0;0;48;2;0;0;0m▀[38;2;0;0;0;48;2;0;0;0m▀[38;2;0;0;0;48;2;0;0;0m▀[38;2;255;255;128;48;2;255;255;128m▀[38;2;255;255;128;48;2;255;255;128m▀[38;2;244;206;74;48;2;244;206;74m▀[38;2;244;206;74;48;2;244;206;74m▀[38;2;244;206;74;48;2;244;206;74m▀[38;2;244;206;74;48;2;244;206;74m▀[38;2;0;0;0;48;2;0;0;0m▀[38;2;0;0;0;48;2;0;0;0m▀[0m [0m [0m [0m [0m
[0m [0m [0m [0m [38;2;0;0;0;48;2;0;0;0m▀[38;2;0;0;0;48;2;0;0;0m▀[38;2;0;0;0;48;2;0;0;0m▀[38;2;0;0;0;48;2;0;0;0m▀[38;2;255;255;128;48;2;255;255;128m▀[38;2;255;255;128;48;2;255;255;128m▀[38;2;255;255;128;48;2;255;255;128m▀[38;2;255;255;128;48;2;255;255;128m▀[38;2;255;255;128;48;2;255;255;128m▀[38;2;255;255;128;48;2;255;255;128m▀[38;2;255;255;128;48;2;255;255;128m▀[38;2;255;255;128;48;2;255;255;128m▀[38;2;0;0;0;48;2;0;0;0m▀[38;2;0;0;0;48;2;0;0;0m▀[38;2;255;255;128;48;2;255;255;128m▀[38;2;255;255;128;48;2;255;255;128m▀[38;2;244;206;74;48;2;244;206;74m▀[38;2;244;206;74;48;2;244;206;74m▀[38;2;244;206;74;48;2;244;206;74m▀[38;2;244;206;74;48;2;244;206;74m▀[38;2;0;0;0;48;2;0;0;0m▀[38;2;0;0;0;48;2;0;0;0m▀[0m [0m [38;2;0;0;0;48;2;0;0;0m▀[38;2;0;0;0;48;2;0;0;0m▀[38;2;0;0;0;48;2;0;0;0m▀[38;2;0;0;0;48;2;0;0;0m▀[0m
[0m [0m [38;2;0;0;0;48;2;0;0;0m▀[38;2;0;0;0;48;2;0;0;0m▀[38;2;255;255;128;48;2;255;255;128m▀[38;2;255;255;128;48;2;255;255;128m▀[38;2;255;255;128;48;2;255;255;128m▀[38;2;255;255;128;48;2;255;255;128m▀[38;2;255;255;128;48;2;255;255;128m▀[38;2;255;255;128;48;2;255;255;128m▀[38;2;255;255;128;48;2;255;255;128m▀[38;2;255;255;128;48;2;255;255;128m▀[38;2;255;255;128;48;2;255;255;128m▀[38;2;255;255;128;48;2;255;255;128m▀[38;2;255;255;128;48;2;255;255;128m▀[38;2;255;255;128;48;2;255;255;128m▀[38;2;255;255;128;48;2;255;255;128m▀[38;2;255;255;128;48;2;255;255;128m▀[38;2;244;206;74;48;2;244;206;74m▀[38;2;244;206;74;48;2;244;206;74m▀[38;2;244;206;74;48;2;244;206;74m▀[38;2;244;206;74;48;2;244;206;74m▀[38;2;0;0;0;48;2;0;0;0m▀[38;2;0;0;0;48;2;0;0;0m▀[0m [0m [38;2;0;0;0;48;2;0;0;0m▀[38;2;0;0;0;48;2;0;0;0m▀[38;2;192;175;207;48;2;192;175;207m▀[38;2;192;175;207;48;2;192;175;207m▀[38;2;0;0;0;48;2;0;0;0m▀[38;2;0;0;0;48;2;0;0;0m▀[0m
[38;2;0;0;0;48;2;0;0;0m▀[38;2;0;0;0;48;2;0;0;0m▀[38;2;0;0;0;48;2;0;0;0m▀[38;2;0;0;0;48;2;0;0;0m▀[38;2;255;255;128;48;2;255;255;128m▀[38;2;255;255;128;48;2;255;255;128m▀[38;2;255;255;128;48;2;255;255;128m▀[38;2;255;255;128;48;2;255;255;128m▀[38;2;255;255;128;48;2;255;255;128m▀[38;2;255;255;128;48;2;255;255;128m▀[38;2;255;255;128;48;2;255;255;128m▀[38;2;255;255;128;48;2;255;255;128m▀[38;2;255;255;128;48;2;255;255;128m▀[38;2;255;255;128;48;2;255;255;128m▀[38;2;0;0;0;48;2;0;0;0m▀[38;2;0;0;0;48;2;0;0;0m▀[38;2;0;0;0;48;2;0;0;0m▀[38;2;0;0;0;48;2;0;0;0m▀[38;2;255;255;128;48;2;255;255;128m▀[38;2;255;255;128;48;2;255;255;128m▀[38;2;255;255;128;48;2;255;255;128m▀[38;2;255;255;128;48;2;255;255;128m▀[38;2;244;206;74;48;2;244;206;74m▀[38;2;244;206;74;48;2;244;206;74m▀[38;2;0;0;0;48;2;0;0;0m▀[38;2;0;0;0;48;2;0;0;0m▀[38;2;0;0;0;48;2;0;0;0m▀[38;2;0;0;0;48;2;0;0;0m▀[38;2;164;139;186;48;2;164;139;186m▀[38;2;164;139;186;48;2;164;139;186m▀[38;2;0;0;0;48;2;0;0;0m▀[38;2;0;0;0;48;2;0;0;0m▀[0m
[38;2;0;0;0;48;2;0;0;0m▀[38;2;0;0;0;48;2;0;0;0m▀[38;2;255;255;255;48;2;255;255;255m▀[38;2;255;255;255;48;2;255;255;255m▀[38;2;0;0;0;48;2;0;0;0m▀[38;2;0;0;0;48;2;0;0;0m▀[38;2;255;255;128;48;2;255;255;128m▀[38;2;255;255;128;48;2;255;255;128m▀[38;2;255;255;128;48;2;255;255;128m▀[38;2;255;255;128;48;2;255;255;128m▀[38;2;255;255;128;48;2;255;255;128m▀[38;2;255;255;128;48;2;255;255;128m▀[38;2;0;0;0;48;2;0;0;0m▀[38;2;0;0;0;48;2;0;0;0m▀[38;2;255;255;255;48;2;255;255;255m▀[38;2;255;255;255;48;2;255;255;255m▀[38;2;211;135;65;48;2;211;135;65m▀[38;2;211;135;65;48;2;211;135;65m▀[38;2;0;0;0;48;2;0;0;0m▀[38;2;0;0;0;48;2;0;0;0m▀[38;2;255;255;128;48;2;255;255;128m▀[38;2;255;255;128;48;2;255;255;128m▀[38;2;244;206;74;48;2;244;206;74m▀[38;2;244;206;74;48;2;244;206;74m▀[38;2;0;0;0;48;2;0;0;0m▀[38;2;0;0;0;48;2;0;0;0m▀[38;2;255;255;128;48;2;255;255;128m▀[38;2;255;255;128;48;2;255;255;128m▀[38;2;244;206;74;48;2;244;206;74m▀[38;2;244;206;74;48;2;244;206;74m▀[38;2;0;0;0;48;2;0;0;0m▀[38;2;0;0;0;48;2;0;0;0m▀[0m
[38;2;0;0;0;48;2;0;0;0m▀[38;2;0;0;0;48;2;0;0;0m▀[38;2;0;0;0;48;2;0;0;0m▀[38;2;0;0;0;48;2;0;0;0m▀[38;2;0;0;0;48;2;0;0;0m▀[38;2;0;0;0;48;2;0;0;0m▀[38;2;255;255;128;48;2;255;255;128m▀[38;2;255;255;128;48;2;255;255;128m▀[38;2;255;255;128;48;2;255;255;128m▀[38;2;255;255;128;48;2;255;255;128m▀[38;2;255;255;128;48;2;255;255;128m▀[38;2;255;255;128;48;2;255;255;128m▀[38;2;0;0;0;48;2;0;0;0m▀[38;2;0;0;0;48;2;0;0;0m▀[38;2;0;0;0;48;2;0;0;0m▀[38;2;0;0;0;48;2;0;0;0m▀[38;2;0;0;0;48;2;0;0;0m▀[38;2;0;0;0;48;2;0;0;0m▀[38;2;255;255;128;48;2;255;255;128m▀[38;2;255;255;128;48;2;255;255;128m▀[38;2;255;255;128;48;2;255;255;128m▀[38;2;255;255;128;48;2;255;255;128m▀[38;2;244;206;74;48;2;244;206;74m▀[38;2;244;206;74;48;2;244;206;74m▀[38;2;0;0;0;48;2;0;0;0m▀[38;2;0;0;0;48;2;0;0;0m▀[38;2;164;139;186;48;2;164;139;186m▀[38;2;164;139;186;48;2;164;139;186m▀[38;2;0;0;0;48;2;0;0;0m▀[38;2;0;0;0;48;2;0;0;0m▀[0m [0m [0m
[38;2;0;0;0;48;2;0;0;0m▀[38;2;0;0;0;48;2;0;0;0m▀[38;2;255;255;128;48;2;255;255;128m▀[38;2;255;255;128;48;2;255;255;128m▀[38;2;255;255;128;48;2;255;255;128m▀[38;2;255;255;128;48;2;255;255;128m▀[38;2;255;255;128;48;2;255;255;128m▀[38;2;255;255;128;48;2;255;255;128m▀[38;2;0;0;0;48;2;0;0;0m▀[38;2;0;0;0;48;2;0;0;0m▀[38;2;255;255;128;48;2;255;255;128m▀[38;2;255;255;128;48;2;255;255;128m▀[38;2;255;255;128;48;2;255;255;128m▀[38;2;255;255;128;48;2;255;255;128m▀[38;2;255;255;128;48;2;255;255;128m▀[38;2;255;255;128;48;2;255;255;128m▀[38;2;255;255;128;48;2;255;255;128m▀[38;2;255;255;128;48;2;255;255;128m▀[38;2;255;255;128;48;2;255;255;128m▀[38;2;255;255;128;48;2;255;255;128m▀[38;2;255;255;128;48;2;255;255;128m▀[38;2;255;255;128;48;2;255;255;128m▀[38;2;244;206;74;48;2;244;206;74m▀[38;2;244;206;74;48;2;244;206;74m▀[38;2;0;0;0;48;2;0;0;0m▀[38;2;0;0;0;48;2;0;0;0m▀[38;2;244;206;74;48;2;244;206;74m▀[38;2;244;206;74;48;2;244;206;74m▀[38;2;0;0;0;48;2;0;0;0m▀[38;2;0;0;0;48;2;0;0;0m▀[0m [0m [0m
[38;2;0;0;0;48;2;0;0;0m▀[38;2;0;0;0;48;2;0;0;0m▀[38;2;244;206;74;48;2;244;206;74m▀[38;2;244;206;74;48;2;244;206;74m▀[38;2;255;255;128;48;2;255;255;128m▀[38;2;255;255;128;48;2;255;255;128m▀[38;2;0;0;0;48;2;0;0;0m▀[38;2;0;0;0;48;2;0;0;0m▀[38;2;255;255;128;48;2;255;255;128m▀[38;2;255;255;128;48;2;255;255;128m▀[38;2;0;0;0;48;2;0;0;0m▀[38;2;0;0;0;48;2;0;0;0m▀[38;2;0;0;0;48;2;0;0;0m▀[38;2;0;0;0;48;2;0;0;0m▀[38;2;255;255;128;48;2;255;255;128m▀[38;2;255;255;128;48;2;255;255;128m▀[38;2;255;255;128;48;2;255;255;128m▀[38;2;255;255;128;48;2;255;255;128m▀[38;2;255;255;128;48;2;255;255;128m▀[38;2;255;255;128;48;2;255;255;128m▀[38;2;244;206;74;48;2;244;206;74m▀[38;2;244;206;74;48;2;244;206;74m▀[38;2;244;206;74;48;2;244;206;74m▀[38;2;244;206;74;48;2;244;206;74m▀[38;2;0;0;0;48;2;0;0;0m▀[38;2;0;0;0;48;2;0;0;0m▀[38;2;0;0;0;48;2;0;0;0m▀[38;2;0;0;0;48;2;0;0;0m▀[0m [0m [0m [0m [0m
[0m [0m [38;2;0;0;0;48;2;0;0;0m▀[38;2;0;0;0;48;2;0;0;0m▀[38;2;244;206;74;48;2;244;206;74m▀[38;2;244;206;74;48;2;244;206;74m▀[38;2;244;206;74;48;2;244;206;74m▀[38;2;244;206;74;48;2;244;206;74m▀[38;2;244;206;74;48;2;244;206;74m▀[38;2;244;206;74;48;2;244;206;74m▀[38;2;244;206;74;48;2;244;206;74m▀[38;2;244;206;74;48;2;244;206;74m▀[38;2;244;206;74;48;2;244;206;74m▀[38;2;244;206;74;48;2;244;206;74m▀[38;2;244;206;74;48;2;244;206;74m▀[38;2;244;206;74;48;2;244;206;74m▀[38;2;244;206;74;48;2;244;206;74m▀[38;2;244;206;74;48;2;244;206;74m▀[38;2;244;206;74;48;2;244;206;74m▀[38;2;244;206;74;48;2;244;206;74m▀[38;2;244;206;74;48;2;244;206;74m▀[38;2;244;206;74;48;2;244;206;74m▀[38;2;0;0;0;48;2;0;0;0m▀[38;2;0;0;0;48;2;0;0;0m▀[0m [0m [0m [0m [0m [0m [0m [0m [0m
[0m [0m [0m [0m [38;2;0;0;0;48;2;0;0;0m▀[38;2;0;0;0;48;2;0;0;0m▀[38;2;0;0;0;48;2;0;0;0m▀[38;2;0;0;0;48;2;0;0;0m▀[38;2;0;0;0;48;2;0;0;0m▀[38;2;0;0;0;48;2;0;0;0m▀[38;2;0;0;0;48;2;0;0;0m▀[38;2;0;0;0;48;2;0;0;0m▀[38;2;0;0;0;48;2;0;0;0m▀[38;2;0;0;0;48;2;0;0;0m▀[38;2;0;0;0;48;2;0;0;0m▀[38;2;0;0;0;48;2;0;0;0m▀[38;2;0;0;0;48;2;0;0;0m▀[38;2;0;0;0;48;2;0;0;0m▀[38;2;0;0;0;48;2;0;0;0m▀[38;2;0;0;0;48;2;0;0;0m▀[38;2;0;0;0;48;2;0;0;0m▀[38;2;0;0;0;48;2;0;0;0m▀[0m [0m [0m [0m [0m [0m [0m [0m [0m [0m [0m
