[0m [0m [0m [0m [0m [0m [0m [0m [0m [0m [0m [0m [0m [0m [0m [0m [0m [0m [0m [0m [0m [0m [0m [0m [0m [0m [0m [0m [0m [0m [0m [0m [0m
[0m [0m [0m [0m [0m [0m [0m [0m [0m [0m [0m [0m [0m [0m [0m [0m [0m [0m [0m [0m [38;2;156;156;156;48;2;156;156;156m▀[38;2;156;156;156;48;2;156;156;156m▀[38;2;189;189;189;48;2;189;189;189m▀[38;2;189;189;189;48;2;189;189;189m▀[0m [0m [38;2;156;156;156;48;2;156;156;156m▀[38;2;156;156;156;48;2;156;156;156m▀[38;2;189;189;189;48;2;189;189;189m▀[38;2;189;189;189;48;2;189;189;189m▀[0m [0m [0m
[0m [0m [0m [0m [0m [0m [0m [0m [0m [0m [0m [0m [0m [0m [0m [0m [0m [0m [0m [0m [38;2;132;132;132;48;2;132;132;132m▀[38;2;132;132;132;48;2;132;132;132m▀[38;2;156;156;156;48;2;156;156;156m▀[38;2;156;156;156;48;2;156;156;156m▀[0m [0m [38;2;132;132;132;48;2;132;132;132m▀[38;2;132;132;132;48;2;132;132;132m▀[38;2;156;156;156;48;2;156;156;156m▀[38;2;156;156;156;48;2;156;156;156m▀[0m [0m [0m
[0m [0m [0m [0m [0m [0m [0m [0m [0m [0m [0m [0m [0m [0m [0m [0m [0m [0m [0m [0m [0m [0m [38;2;132;132;132;48;2;132;132;132m▀[38;2;132;132;132;48;2;132;132;132m▀[0m [0m [0m [0m [38;2;132;132;132;48;2;132;132;132m▀[38;2;132;132;132;48;2;132;132;132m▀[0m [0m [0m
[0m [0m [0m [0m [0m [0m [0m [0m [0m [0m [0m [0m [0m [0m [0m [0m [0m [0m [0m [0m [0m [0m [0m [0m [38;2;0;0;0;48;2;0;0;0m▀[38;2;0;0;0;48;2;0;0;0m▀[0m [0m [0m [0m [38;2;0;0;0;48;2;0;0;0m▀[38;2;0;0;0;48;2;0;0;0m▀[0m
[0m [0m [0m [0m [0m [0m [0m [0m [0m [0m [0m [0m [0m [0m [0m [0m [38;2;0;0;0;48;2;0;0;0m▀[38;2;0;0;0;48;2;0;0;0m▀[38;2;0;0;0;48;2;0;0;0m▀[38;2;0;0;0;48;2;0;0;0m▀[38;2;0;0;0;48;2;0;0;0m▀[38;2;0;0;0;48;2;0;0;0m▀[0m [0m [38;2;0;0;0;48;2;0;0;0m▀[38;2;0;0;0;48;2;0;0;0m▀[0m [0m [38;2;0;0;0;48;2;0;0;0m▀[38;2;0;0;0;48;2;0;0;0m▀[38;2;0;0;0;48;2;0;0;0m▀[38;2;0;0;0;48;2;0;0;0m▀[0m
[0m [0m [0m [0m [0m [0m [38;2;0;0;0;48;2;0;0;0m▀[38;2;0;0;0;48;2;0;0;0m▀[38;2;0;0;0;48;2;0;0;0m▀[38;2;0;0;0;48;2;0;0;0m▀[0m [0m [38;2;0;0;0;48;2;0;0;0m▀[38;2;0;0;0;48;2;0;0;0m▀[38;2;0;0;0;48;2;0;0;0m▀[38;2;0;0;0;48;2;0;0;0m▀[38;2;255;140;140;48;2;255;140;140m▀[38;2;255;140;140;48;2;255;140;140m▀[38;2;222;66;66;48;2;222;66;66m▀[38;2;222;66;66;48;2;222;66;66m▀[38;2;0;0;0;48;2;0;0;0m▀[38;2;0;0;0;48;2;0;0;0m▀[38;2;0;0;0;48;2;0;0;0m▀[38;2;0;0;0;48;2;0;0;0m▀[38;2;0;0;0;48;2;0;0;0m▀[38;2;0;0;0;48;2;0;0;0m▀[38;2;0;0;0;48;2;0;0;0m▀[38;2;0;0;0;48;2;0;0;0m▀[38;2;189;0;0;48;2;189;0;0m▀[38;2;189;0;0;48;2;189;0;0m▀[38;2;0;0;0;48;2;0;0;0m▀[38;2;0;0;0;48;2;0;0;0m▀[0m
[0m [0m [0m [0m [38;2;0;0;0;48;2;0;0;0m▀[38;2;0;0;0;48;2;0;0;0m▀[38;2;255;140;140;48;2;255;140;140m▀[38;2;255;140;140;48;2;255;140;140m▀[38;2;0;0;0;48;2;0;0;0m▀[38;2;0;0;0;48;2;0;0;0m▀[38;2;0;0;0;48;2;0;0;0m▀[38;2;0;0;0;48;2;0;0;0m▀[38;2;255;140;140;48;2;255;140;140m▀[38;2;255;140;140;48;2;255;140;140m▀[38;2;222;66;66;48;2;222;66;66m▀[38;2;222;66;66;48;2;222;66;66m▀[38;2;0;0;0;48;2;0;0;0m▀[38;2;0;0;0;48;2;0;0;0m▀[38;2;0;247;247;48;2;0;247;247m▀[38;2;0;247;247;48;2;0;247;247m▀[38;2;0;189;189;48;2;0;189;189m▀[38;2;0;189;189;48;2;0;189;189m▀[38;2;255;140;140;48;2;255;140;140m▀[38;2;255;140;140;48;2;255;140;140m▀[38;2;222;66;66;48;2;222;66;66m▀[38;2;222;66;66;48;2;222;66;66m▀[38;2;0;189;189;48;2;0;189;189m▀[38;2;0;189;189;48;2;0;189;189m▀[38;2;0;0;0;48;2;0;0;0m▀[38;2;0;0;0;48;2;0;0;0m▀[0m [0m [0m
[0m [0m [38;2;0;0;0;48;2;0;0;0m▀[38;2;0;0;0;48;2;0;0;0m▀[38;2;255;140;140;48;2;255;140;140m▀[38;2;255;140;140;48;2;255;140;140m▀[38;2;222;66;66;48;2;222;66;66m▀[38;2;222;66;66;48;2;222;66;66m▀[38;2;0;0;0;48;2;0;0;0m▀[38;2;0;0;0;48;2;0;0;0m▀[38;2;222;66;66;48;2;222;66;66m▀[38;2;222;66;66;48;2;222;66;66m▀[38;2;132;132;132;48;2;132;132;132m▀[38;2;132;132;132;48;2;132;132;132m▀[38;2;0;0;0;48;2;0;0;0m▀[38;2;0;0;0;48;2;0;0;0m▀[38;2;0;247;247;48;2;0;247;247m▀[38;2;0;247;247;48;2;0;247;247m▀[38;2;156;156;156;48;2;156;156;156m▀[38;2;156;156;156;48;2;156;156;156m▀[38;2;132;132;132;48;2;132;132;132m▀[38;2;132;132;132;48;2;132;132;132m▀[38;2;0;247;247;48;2;0;247;247m▀[38;2;0;247;247;48;2;0;247;247m▀[38;2;0;189;189;48;2;0;189;189m▀[38;2;0;189;189;48;2;0;189;189m▀[38;2;255;140;140;48;2;255;140;140m▀[38;2;255;140;140;48;2;255;140;140m▀[38;2;222;66;66;48;2;222;66;66m▀[38;2;222;66;66;48;2;222;66;66m▀[38;2;0;0;0;48;2;0;0;0m▀[38;2;0;0;0;48;2;0;0;0m▀[0m
[0m [0m [38;2;0;0;0;48;2;0;0;0m▀[38;2;0;0;0;48;2;0;0;0m▀[38;2;222;66;66;48;2;222;66;66m▀[38;2;222;66;66;48;2;222;66;66m▀[38;2;189;0;0;48;2;189;0;0m▀[38;2;189;0;0;48;2;189;0;0m▀[38;2;0;0;0;48;2;0;0;0m▀[38;2;0;0;0;48;2;0;0;0m▀[38;2;156;156;156;48;2;156;156;156m▀[38;2;156;156;156;48;2;156;156;156m▀[38;2;0;0;0;48;2;0;0;0m▀[38;2;0;0;0;48;2;0;0;0m▀[38;2;255;255;255;48;2;255;255;255m▀[38;2;255;255;255;48;2;255;255;255m▀[38;2;255;132;0;48;2;255;132;0m▀[38;2;255;132;0;48;2;255;132;0m▀[38;2;0;0;0;48;2;0;0;0m▀[38;2;0;0;0;48;2;0;0;0m▀[38;2;0;189;189;48;2;0;189;189m▀[38;2;0;189;189;48;2;0;189;189m▀[38;2;255;140;140;48;2;255;140;140m▀[38;2;255;140;140;48;2;255;140;140m▀[38;2;222;66;66;48;2;222;66;66m▀[38;2;222;66;66;48;2;222;66;66m▀[38;2;189;0;0;48;2;189;0;0m▀[38;2;189;0;0;48;2;189;0;0m▀[38;2;189;0;0;48;2;189;0;0m▀[38;2;189;0;0;48;2;189;0;0m▀[38;2;0;0;0;48;2;0;0;0m▀[38;2;0;0;0;48;2;0;0;0m▀[0m
[38;2;0;0;0;48;2;0;0;0m▀[38;2;0;0;0;48;2;0;0;0m▀[38;2;255;140;140;48;2;255;140;140m▀[38;2;255;140;140;48;2;255;140;140m▀[38;2;189;0;0;48;2;189;0;0m▀[38;2;189;0;0;48;2;189;0;0m▀[38;2;189;0;0;48;2;189;0;0m▀[38;2;189;0;0;48;2;189;0;0m▀[38;2;189;0;0;48;2;189;0;0m▀[38;2;189;0;0;48;2;189;0;0m▀[38;2;0;0;0;48;2;0;0;0m▀[38;2;0;0;0;48;2;0;0;0m▀[38;2;222;66;66;48;2;222;66;66m▀[38;2;222;66;66;48;2;222;66;66m▀[38;2;0;0;0;48;2;0;0;0m▀[38;2;0;0;0;48;2;0;0;0m▀[38;2;0;0;0;48;2;0;0;0m▀[38;2;0;0;0;48;2;0;0;0m▀[38;2;255;140;140;48;2;255;140;140m▀[38;2;255;140;140;48;2;255;140;140m▀[38;2;222;66;66;48;2;222;66;66m▀[38;2;222;66;66;48;2;222;66;66m▀[38;2;189;0;0;48;2;189;0;0m▀[38;2;189;0;0;48;2;189;0;0m▀[38;2;189;0;0;48;2;189;0;0m▀[38;2;189;0;0;48;2;189;0;0m▀[38;2;255;140;140;48;2;255;140;140m▀[38;2;255;140;140;48;2;255;140;140m▀[38;2;0;0;0;48;2;0;0;0m▀[38;2;0;0;0;48;2;0;0;0m▀[38;2;0;0;0;48;2;0;0;0m▀[38;2;0;0;0;48;2;0;0;0m▀[0m
[38;2;0;0;0;48;2;0;0;0m▀[38;2;0;0;0;48;2;0;0;0m▀[38;2;222;66;66;48;2;222;66;66m▀[38;2;222;66;66;48;2;222;66;66m▀[38;2;189;0;0;48;2;189;0;0m▀[38;2;189;0;0;48;2;189;0;0m▀[38;2;189;0;0;48;2;189;0;0m▀[38;2;189;0;0;48;2;189;0;0m▀[38;2;189;0;0;48;2;189;0;0m▀[38;2;189;0;0;48;2;189;0;0m▀[38;2;222;66;66;48;2;222;66;66m▀[38;2;222;66;66;48;2;222;66;66m▀[38;2;189;0;0;48;2;189;0;0m▀[38;2;189;0;0;48;2;189;0;0m▀[38;2;222;66;66;48;2;222;66;66m▀[38;2;222;66;66;48;2;222;66;66m▀[38;2;222;66;66;48;2;222;66;66m▀[38;2;222;66;66;48;2;222;66;66m▀[38;2;0;0;0;48;2;0;0;0m▀[38;2;0;0;0;48;2;0;0;0m▀[38;2;0;0;0;48;2;0;0;0m▀[38;2;0;0;0;48;2;0;0;0m▀[38;2;255;140;140;48;2;255;140;140m▀[38;2;255;140;140;48;2;255;140;140m▀[38;2;0;0;0;48;2;0;0;0m▀[38;2;0;0;0;48;2;0;0;0m▀[38;2;0;247;247;48;2;0;247;247m▀[38;2;0;247;247;48;2;0;247;247m▀[38;2;255;140;140;48;2;255;140;140m▀[38;2;255;140;140;48;2;255;140;140m▀[38;2;0;0;0;48;2;0;0;0m▀[38;2;0;0;0;48;2;0;0;0m▀[0m
[38;2;0;0;0;48;2;0;0;0m▀[38;2;0;0;0;48;2;0;0;0m▀[38;2;0;0;0;48;2;0;0;0m▀[38;2;0;0;0;48;2;0;0;0m▀[38;2;189;0;0;48;2;189;0;0m▀[38;2;189;0;0;48;2;189;0;0m▀[38;2;189;0;0;48;2;189;0;0m▀[38;2;189;0;0;48;2;189;0;0m▀[38;2;189;0;0;48;2;189;0;0m▀[38;2;189;0;0;48;2;189;0;0m▀[38;2;189;0;0;48;2;189;0;0m▀[38;2;189;0;0;48;2;189;0;0m▀[38;2;0;0;0;48;2;0;0;0m▀[38;2;0;0;0;48;2;0;0;0m▀[38;2;0;0;0;48;2;0;0;0m▀[38;2;0;0;0;48;2;0;0;0m▀[38;2;0;0;0;48;2;0;0;0m▀[38;2;0;0;0;48;2;0;0;0m▀[38;2;0;0;0;48;2;0;0;0m▀[38;2;0;0;0;48;2;0;0;0m▀[38;2;189;0;0;48;2;189;0;0m▀[38;2;189;0;0;48;2;189;0;0m▀[38;2;222;66;66;48;2;222;66;66m▀[38;2;222;66;66;48;2;222;66;66m▀[38;2;255;140;140;48;2;255;140;140m▀[38;2;255;140;140;48;2;255;140;140m▀[38;2;0;0;0;48;2;0;0;0m▀[38;2;0;0;0;48;2;0;0;0m▀[38;2;0;189;189;48;2;0;189;189m▀[38;2;0;189;189;48;2;0;189;189m▀[38;2;0;0;0;48;2;0;0;0m▀[38;2;0;0;0;48;2;0;0;0m▀[0m
[38;2;0;0;0;48;2;0;0;0m▀[38;2;0;0;0;48;2;0;0;0m▀[38;2;0;0;0;48;2;0;0;0m▀[38;2;0;0;0;48;2;0;0;0m▀[38;2;0;0;0;48;2;0;0;0m▀[38;2;0;0;0;48;2;0;0;0m▀[38;2;0;0;0;48;2;0;0;0m▀[38;2;0;0;0;48;2;0;0;0m▀[38;2;0;0;0;48;2;0;0;0m▀[38;2;0;0;0;48;2;0;0;0m▀[38;2;0;0;0;48;2;0;0;0m▀[38;2;0;0;0;48;2;0;0;0m▀[38;2;0;0;0;48;2;0;0;0m▀[38;2;0;0;0;48;2;0;0;0m▀[38;2;255;140;140;48;2;255;140;140m▀[38;2;255;140;140;48;2;255;140;140m▀[38;2;222;66;66;48;2;222;66;66m▀[38;2;222;66;66;48;2;222;66;66m▀[38;2;189;0;0;48;2;189;0;0m▀[38;2;189;0;0;48;2;189;0;0m▀[38;2;0;0;0;48;2;0;0;0m▀[38;2;0;0;0;48;2;0;0;0m▀[38;2;189;0;0;48;2;189;0;0m▀[38;2;189;0;0;48;2;189;0;0m▀[38;2;222;66;66;48;2;222;66;66m▀[38;2;222;66;66;48;2;222;66;66m▀[38;2;0;0;0;48;2;0;0;0m▀[38;2;0;0;0;48;2;0;0;0m▀[38;2;0;0;0;48;2;0;0;0m▀[38;2;0;0;0;48;2;0;0;0m▀[38;2;0;0;0;48;2;0;0;0m▀[38;2;0;0;0;48;2;0;0;0m▀[0m
[0m [0m [38;2;0;0;0;48;2;0;0;0m▀[38;2;0;0;0;48;2;0;0;0m▀[38;2;255;140;140;48;2;255;140;140m▀[38;2;255;140;140;48;2;255;140;140m▀[38;2;222;66;66;48;2;222;66;66m▀[38;2;222;66;66;48;2;222;66;66m▀[38;2;189;0;0;48;2;189;0;0m▀[38;2;189;0;0;48;2;189;0;0m▀[38;2;189;0;0;48;2;189;0;0m▀[38;2;189;0;0;48;2;189;0;0m▀[38;2;189;0;0;48;2;189;0;0m▀[38;2;189;0;0;48;2;189;0;0m▀[38;2;189;0;0;48;2;189;0;0m▀[38;2;189;0;0;48;2;189;0;0m▀[38;2;189;0;0;48;2;189;0;0m▀[38;2;189;0;0;48;2;189;0;0m▀[38;2;0;0;0;48;2;0;0;0m▀[38;2;0;0;0;48;2;0;0;0m▀[38;2;0;0;0;48;2;0;0;0m▀[38;2;0;0;0;48;2;0;0;0m▀[38;2;255;255;255;48;2;255;255;255m▀[38;2;255;255;255;48;2;255;255;255m▀[38;2;0;0;0;48;2;0;0;0m▀[38;2;0;0;0;48;2;0;0;0m▀[38;2;255;255;255;48;2;255;255;255m▀[38;2;255;255;255;48;2;255;255;255m▀[38;2;0;0;0;48;2;0;0;0m▀[38;2;0;0;0;48;2;0;0;0m▀[0m [0m [0m
[0m [0m [0m [0m [38;2;0;0;0;48;2;0;0;0m▀[38;2;0;0;0;48;2;0;0;0m▀[38;2;0;0;0;48;2;0;0;0m▀[38;2;0;0;0;48;2;0;0;0m▀[38;2;0;0;0;48;2;0;0;0m▀[38;2;0;0;0;48;2;0;0;0m▀[38;2;0;0;0;48;2;0;0;0m▀[38;2;0;0;0;48;2;0;0;0m▀[38;2;0;0;0;48;2;0;0;0m▀[38;2;0;0;0;48;2;0;0;0m▀[38;2;0;0;0;48;2;0;0;0m▀[38;2;0;0;0;48;2;0;0;0m▀[38;2;0;0;0;48;2;0;0;0m▀[38;2;0;0;0;48;2;0;0;0m▀[0m [0m [38;2;0;0;0;48;2;0;0;0m▀[38;2;0;0;0;48;2;0;0;0m▀[38;2;0;0;0;48;2;0;0;0m▀[38;2;0;0;0;48;2;0;0;0m▀[38;2;0;0;0;48;2;0;0;0m▀[38;2;0;0;0;48;2;0;0;0m▀[38;2;0;0;0;48;2;0;0;0m▀[38;2;0;0;0;48;2;0;0;0m▀[38;2;0;0;0;48;2;0;0;0m▀[38;2;0;0;0;48;2;0;0;0m▀[0m [0m [0m
