[0m [0m [0m [0m [0m [0m [0m [0m [0m [0m [0m [0m [0m [0m [0m [0m [0m [0m [0m [0m [0m [0m [0m [0m [0m [0m [0m [0m [0m [0m [0m [0m [0m
[0m [0m [0m [0m [0m [0m [0m [0m [0m [0m [0m [0m [0m [0m [0m [0m [38;2;0;0;0;48;2;0;0;0m▀[38;2;0;0;0;48;2;0;0;0m▀[38;2;0;0;0;48;2;0;0;0m▀[38;2;0;0;0;48;2;0;0;0m▀[0m [0m [0m [0m [0m [0m [0m [0m [0m [0m [0m [0m [0m
[0m [0m [0m [0m [0m [0m [0m [0m [0m [0m [0m [0m [0m [0m [38;2;0;0;0;48;2;0;0;0m▀[38;2;0;0;0;48;2;0;0;0m▀[38;2;246;246;246;48;2;246;246;246m▀[38;2;246;246;246;48;2;246;246;246m▀[38;2;0;0;0;48;2;0;0;0m▀[38;2;0;0;0;48;2;0;0;0m▀[0m [0m [0m [0m [0m [0m [0m [0m [0m [0m [0m [0m [0m
[0m [0m [0m [0m [0m [0m [0m [0m [38;2;0;0;0;48;2;0;0;0m▀[38;2;0;0;0;48;2;0;0;0m▀[0m [0m [38;2;0;0;0;48;2;0;0;0m▀[38;2;0;0;0;48;2;0;0;0m▀[38;2;246;246;246;48;2;246;246;246m▀[38;2;246;246;246;48;2;246;246;246m▀[38;2;0;0;0;48;2;0;0;0m▀[38;2;0;0;0;48;2;0;0;0m▀[0m [0m [0m [0m [0m [0m [0m [0m [0m [0m [0m [0m [0m [0m [0m
[0m [0m [0m [0m [0m [0m [38;2;0;0;0;48;2;0;0;0m▀[38;2;0;0;0;48;2;0;0;0m▀[38;2;246;246;246;48;2;246;246;246m▀[38;2;246;246;246;48;2;246;246;246m▀[38;2;0;0;0;48;2;0;0;0m▀[38;2;0;0;0;48;2;0;0;0m▀[38;2;246;246;246;48;2;246;246;246m▀[38;2;246;246;246;48;2;246;246;246m▀[38;2;246;246;246;48;2;246;246;246m▀[38;2;246;246;246;48;2;246;246;246m▀[38;2;220;220;220;48;2;220;220;220m▀[38;2;220;220;220;48;2;220;220;220m▀[38;2;0;0;0;48;2;0;0;0m▀[38;2;0;0;0;48;2;0;0;0m▀[0m [0m [0m [0m [0m [0m [0m [0m [0m [0m [0m [0m [0m
[0m [0m [0m [0m [0m [0m [38;2;0;0;0;48;2;0;0;0m▀[38;2;0;0;0;48;2;0;0;0m▀[38;2;220;220;220;48;2;220;220;220m▀[38;2;220;220;220;48;2;220;220;220m▀[38;2;246;246;246;48;2;246;246;246m▀[38;2;246;246;246;48;2;246;246;246m▀[38;2;246;246;246;48;2;246;246;246m▀[38;2;246;246;246;48;2;246;246;246m▀[38;2;220;220;220;48;2;220;220;220m▀[38;2;220;220;220;48;2;220;220;220m▀[38;2;0;0;0;48;2;0;0;0m▀[38;2;0;0;0;48;2;0;0;0m▀[0m [0m [0m [0m [0m [0m [0m [0m [0m [0m [0m [0m [0m [0m [0m
[0m [0m [0m [0m [0m [0m [0m [0m [38;2;0;0;0;48;2;0;0;0m▀[38;2;0;0;0;48;2;0;0;0m▀[38;2;246;246;246;48;2;246;246;246m▀[38;2;246;246;246;48;2;246;246;246m▀[38;2;220;220;220;48;2;220;220;220m▀[38;2;220;220;220;48;2;220;220;220m▀[38;2;0;0;0;48;2;0;0;0m▀[38;2;0;0;0;48;2;0;0;0m▀[38;2;0;0;0;48;2;0;0;0m▀[38;2;0;0;0;48;2;0;0;0m▀[38;2;0;0;0;48;2;0;0;0m▀[38;2;0;0;0;48;2;0;0;0m▀[38;2;0;0;0;48;2;0;0;0m▀[38;2;0;0;0;48;2;0;0;0m▀[38;2;0;0;0;48;2;0;0;0m▀[38;2;0;0;0;48;2;0;0;0m▀[0m [0m [0m [0m [0m [0m [0m [0m [0m
[0m [0m [0m [0m [0m [0m [0m [0m [38;2;0;0;0;48;2;0;0;0m▀[38;2;0;0;0;48;2;0;0;0m▀[38;2;0;0;0;48;2;0;0;0m▀[38;2;0;0;0;48;2;0;0;0m▀[38;2;220;220;220;48;2;220;220;220m▀[38;2;220;220;220;48;2;220;220;220m▀[38;2;0;0;0;48;2;0;0;0m▀[38;2;0;0;0;48;2;0;0;0m▀[38;2;192;235;0;48;2;192;235;0m▀[38;2;192;235;0;48;2;192;235;0m▀[38;2;214;255;0;48;2;214;255;0m▀[38;2;214;255;0;48;2;214;255;0m▀[38;2;214;255;0;48;2;214;255;0m▀[38;2;214;255;0;48;2;214;255;0m▀[38;2;240;255;176;48;2;240;255;176m▀[38;2;240;255;176;48;2;240;255;176m▀[38;2;0;0;0;48;2;0;0;0m▀[38;2;0;0;0;48;2;0;0;0m▀[38;2;0;0;0;48;2;0;0;0m▀[38;2;0;0;0;48;2;0;0;0m▀[38;2;0;0;0;48;2;0;0;0m▀[38;2;0;0;0;48;2;0;0;0m▀[0m [0m [0m
[0m [0m [0m [0m [0m [0m [38;2;0;0;0;48;2;0;0;0m▀[38;2;0;0;0;48;2;0;0;0m▀[38;2;157;255;142;48;2;157;255;142m▀[38;2;157;255;142;48;2;157;255;142m▀[38;2;33;255;0;48;2;33;255;0m▀[38;2;33;255;0;48;2;33;255;0m▀[38;2;0;0;0;48;2;0;0;0m▀[38;2;0;0;0;48;2;0;0;0m▀[38;2;192;235;0;48;2;192;235;0m▀[38;2;192;235;0;48;2;192;235;0m▀[38;2;157;255;142;48;2;157;255;142m▀[38;2;157;255;142;48;2;157;255;142m▀[38;2;33;255;0;48;2;33;255;0m▀[38;2;33;255;0;48;2;33;255;0m▀[38;2;33;255;0;48;2;33;255;0m▀[38;2;33;255;0;48;2;33;255;0m▀[38;2;214;255;0;48;2;214;255;0m▀[38;2;214;255;0;48;2;214;255;0m▀[38;2;214;255;0;48;2;214;255;0m▀[38;2;214;255;0;48;2;214;255;0m▀[38;2;240;255;176;48;2;240;255;176m▀[38;2;240;255;176;48;2;240;255;176m▀[38;2;0;0;0;48;2;0;0;0m▀[38;2;0;0;0;48;2;0;0;0m▀[0m [0m [0m
[0m [0m [0m [0m [38;2;0;0;0;48;2;0;0;0m▀[38;2;0;0;0;48;2;0;0;0m▀[38;2;29;226;0;48;2;29;226;0m▀[38;2;29;226;0;48;2;29;226;0m▀[38;2;33;255;0;48;2;33;255;0m▀[38;2;33;255;0;48;2;33;255;0m▀[38;2;33;255;0;48;2;33;255;0m▀[38;2;33;255;0;48;2;33;255;0m▀[38;2;33;255;0;48;2;33;255;0m▀[38;2;33;255;0;48;2;33;255;0m▀[38;2;157;255;142;48;2;157;255;142m▀[38;2;157;255;142;48;2;157;255;142m▀[38;2;33;255;0;48;2;33;255;0m▀[38;2;33;255;0;48;2;33;255;0m▀[38;2;33;255;0;48;2;33;255;0m▀[38;2;33;255;0;48;2;33;255;0m▀[38;2;29;226;0;48;2;29;226;0m▀[38;2;29;226;0;48;2;29;226;0m▀[38;2;214;255;0;48;2;214;255;0m▀[38;2;214;255;0;48;2;214;255;0m▀[38;2;192;235;0;48;2;192;235;0m▀[38;2;192;235;0;48;2;192;235;0m▀[38;2;0;0;0;48;2;0;0;0m▀[38;2;0;0;0;48;2;0;0;0m▀[0m [0m [0m [0m [0m
[0m [0m [0m [0m [38;2;0;0;0;48;2;0;0;0m▀[38;2;0;0;0;48;2;0;0;0m▀[38;2;240;255;176;48;2;240;255;176m▀[38;2;240;255;176;48;2;240;255;176m▀[38;2;0;0;0;48;2;0;0;0m▀[38;2;0;0;0;48;2;0;0;0m▀[38;2;29;226;0;48;2;29;226;0m▀[38;2;29;226;0;48;2;29;226;0m▀[38;2;33;255;0;48;2;33;255;0m▀[38;2;33;255;0;48;2;33;255;0m▀[38;2;33;255;0;48;2;33;255;0m▀[38;2;33;255;0;48;2;33;255;0m▀[38;2;29;226;0;48;2;29;226;0m▀[38;2;29;226;0;48;2;29;226;0m▀[38;2;0;0;0;48;2;0;0;0m▀[38;2;0;0;0;48;2;0;0;0m▀[38;2;214;255;0;48;2;214;255;0m▀[38;2;214;255;0;48;2;214;255;0m▀[38;2;214;255;0;48;2;214;255;0m▀[38;2;214;255;0;48;2;214;255;0m▀[38;2;192;235;0;48;2;192;235;0m▀[38;2;192;235;0;48;2;192;235;0m▀[38;2;0;0;0;48;2;0;0;0m▀[38;2;0;0;0;48;2;0;0;0m▀[38;2;0;0;0;48;2;0;0;0m▀[38;2;0;0;0;48;2;0;0;0m▀[0m [0m [0m
[0m [0m [0m [0m [38;2;0;0;0;48;2;0;0;0m▀[38;2;0;0;0;48;2;0;0;0m▀[38;2;214;255;0;48;2;214;255;0m▀[38;2;214;255;0;48;2;214;255;0m▀[38;2;0;0;0;48;2;0;0;0m▀[38;2;0;0;0;48;2;0;0;0m▀[38;2;214;255;0;48;2;214;255;0m▀[38;2;214;255;0;48;2;214;255;0m▀[38;2;29;226;0;48;2;29;226;0m▀[38;2;29;226;0;48;2;29;226;0m▀[38;2;29;226;0;48;2;29;226;0m▀[38;2;29;226;0;48;2;29;226;0m▀[38;2;214;255;0;48;2;214;255;0m▀[38;2;214;255;0;48;2;214;255;0m▀[38;2;0;0;0;48;2;0;0;0m▀[38;2;0;0;0;48;2;0;0;0m▀[38;2;214;255;0;48;2;214;255;0m▀[38;2;214;255;0;48;2;214;255;0m▀[38;2;214;255;0;48;2;214;255;0m▀[38;2;214;255;0;48;2;214;255;0m▀[38;2;192;235;0;48;2;192;235;0m▀[38;2;192;235;0;48;2;192;235;0m▀[38;2;170;207;4;48;2;170;207;4m▀[38;2;170;207;4;48;2;170;207;4m▀[38;2;0;0;0;48;2;0;0;0m▀[38;2;0;0;0;48;2;0;0;0m▀[0m [0m [0m
[0m [0m [0m [0m [38;2;0;0;0;48;2;0;0;0m▀[38;2;0;0;0;48;2;0;0;0m▀[38;2;214;255;0;48;2;214;255;0m▀[38;2;214;255;0;48;2;214;255;0m▀[38;2;214;255;0;48;2;214;255;0m▀[38;2;214;255;0;48;2;214;255;0m▀[38;2;214;255;0;48;2;214;255;0m▀[38;2;214;255;0;48;2;214;255;0m▀[38;2;0;0;0;48;2;0;0;0m▀[38;2;0;0;0;48;2;0;0;0m▀[38;2;0;0;0;48;2;0;0;0m▀[38;2;0;0;0;48;2;0;0;0m▀[38;2;214;255;0;48;2;214;255;0m▀[38;2;214;255;0;48;2;214;255;0m▀[38;2;214;255;0;48;2;214;255;0m▀[38;2;214;255;0;48;2;214;255;0m▀[38;2;214;255;0;48;2;214;255;0m▀[38;2;214;255;0;48;2;214;255;0m▀[38;2;192;235;0;48;2;192;235;0m▀[38;2;192;235;0;48;2;192;235;0m▀[38;2;170;207;4;48;2;170;207;4m▀[38;2;170;207;4;48;2;170;207;4m▀[38;2;0;0;0;48;2;0;0;0m▀[38;2;0;0;0;48;2;0;0;0m▀[0m [0m [0m [0m [0m
[0m [0m [0m [0m [0m [0m [38;2;0;0;0;48;2;0;0;0m▀[38;2;0;0;0;48;2;0;0;0m▀[38;2;192;235;0;48;2;192;235;0m▀[38;2;192;235;0;48;2;192;235;0m▀[38;2;214;255;0;48;2;214;255;0m▀[38;2;214;255;0;48;2;214;255;0m▀[38;2;214;255;0;48;2;214;255;0m▀[38;2;214;255;0;48;2;214;255;0m▀[38;2;214;255;0;48;2;214;255;0m▀[38;2;214;255;0;48;2;214;255;0m▀[38;2;214;255;0;48;2;214;255;0m▀[38;2;214;255;0;48;2;214;255;0m▀[38;2;214;255;0;48;2;214;255;0m▀[38;2;214;255;0;48;2;214;255;0m▀[38;2;192;235;0;48;2;192;235;0m▀[38;2;192;235;0;48;2;192;235;0m▀[38;2;192;235;0;48;2;192;235;0m▀[38;2;192;235;0;48;2;192;235;0m▀[38;2;170;207;4;48;2;170;207;4m▀[38;2;170;207;4;48;2;170;207;4m▀[38;2;0;0;0;48;2;0;0;0m▀[38;2;0;0;0;48;2;0;0;0m▀[0m [0m [0m [0m [0m
[0m [0m [0m [0m [0m [0m [0m [0m [38;2;0;0;0;48;2;0;0;0m▀[38;2;0;0;0;48;2;0;0;0m▀[38;2;170;207;4;48;2;170;207;4m▀[38;2;170;207;4;48;2;170;207;4m▀[38;2;0;0;0;48;2;0;0;0m▀[38;2;0;0;0;48;2;0;0;0m▀[38;2;0;0;0;48;2;0;0;0m▀[38;2;0;0;0;48;2;0;0;0m▀[38;2;170;207;4;48;2;170;207;4m▀[38;2;170;207;4;48;2;170;207;4m▀[38;2;170;207;4;48;2;170;207;4m▀[38;2;170;207;4;48;2;170;207;4m▀[38;2;0;0;0;48;2;0;0;0m▀[38;2;0;0;0;48;2;0;0;0m▀[38;2;170;207;4;48;2;170;207;4m▀[38;2;170;207;4;48;2;170;207;4m▀[38;2;0;0;0;48;2;0;0;0m▀[38;2;0;0;0;48;2;0;0;0m▀[0m [0m [0m [0m [0m [0m [0m
[0m [0m [0m [0m [0m [0m [0m [0m [38;2;0;0;0;48;2;0;0;0m▀[38;2;0;0;0;48;2;0;0;0m▀[38;2;0;0;0;48;2;0;0;0m▀[38;2;0;0;0;48;2;0;0;0m▀[0m [0m [0m [0m [38;2;0;0;0;48;2;0;0;0m▀[38;2;0;0;0;48;2;0;0;0m▀[38;2;0;0;0;48;2;0;0;0m▀[38;2;0;0;0;48;2;0;0;0m▀[38;2;0;0;0;48;2;0;0;0m▀[38;2;0;0;0;48;2;0;0;0m▀[38;2;0;0;0;48;2;0;0;0m▀[38;2;0;0;0;48;2;0;0;0m▀[0m [0m [0m [0m [0m [0m [0m [0m [0m
