[0m [0m [0m [0m [0m [0m [0m [0m [0m [0m [0m [0m [0m [0m [0m [0m [0m [0m [0m [0m [0m [0m [0m [0m [0m [0m [0m [0m [0m [0m [0m [0m [0m
[0m [0m [0m [0m [0m [0m [0m [0m [0m [0m [0m [0m [0m [0m [38;2;0;0;0;48;2;0;0;0m▀[38;2;0;0;0;48;2;0;0;0m▀[0m [0m [0m [0m [0m [0m [0m [0m [0m [0m [0m [0m [0m [0m [0m [0m [0m
[0m [0m [0m [0m [0m [0m [0m [0m [0m [0m [0m [0m [0m [0m [38;2;0;0;0;48;2;0;0;0m▀[38;2;0;0;0;48;2;0;0;0m▀[38;2;0;0;0;48;2;0;0;0m▀[38;2;0;0;0;48;2;0;0;0m▀[0m [0m [0m [0m [0m [0m [0m [0m [0m [0m [0m [0m [0m [0m [0m
[0m [0m [0m [0m [0m [0m [0m [0m [0m [0m [0m [0m [38;2;0;0;0;48;2;0;0;0m▀[38;2;0;0;0;48;2;0;0;0m▀[38;2;62;153;86;48;2;62;153;86m▀[38;2;62;153;86;48;2;62;153;86m▀[38;2;0;0;0;48;2;0;0;0m▀[38;2;0;0;0;48;2;0;0;0m▀[38;2;0;0;0;48;2;0;0;0m▀[38;2;0;0;0;48;2;0;0;0m▀[0m [0m [0m [0m [0m [0m [0m [0m [0m [0m [0m [0m [0m
[0m [0m [0m [0m [38;2;149;55;50;48;2;149;55;50m▀[38;2;149;55;50;48;2;149;55;50m▀[0m [0m [38;2;149;55;50;48;2;149;55;50m▀[38;2;149;55;50;48;2;149;55;50m▀[0m [0m [38;2;0;0;0;48;2;0;0;0m▀[38;2;0;0;0;48;2;0;0;0m▀[38;2;62;153;86;48;2;62;153;86m▀[38;2;62;153;86;48;2;62;153;86m▀[38;2;202;80;78;48;2;202;80;78m▀[38;2;202;80;78;48;2;202;80;78m▀[38;2;0;0;0;48;2;0;0;0m▀[38;2;0;0;0;48;2;0;0;0m▀[38;2;0;0;0;48;2;0;0;0m▀[38;2;0;0;0;48;2;0;0;0m▀[0m [0m [0m [0m [0m [0m [0m [0m [0m [0m [0m
[38;2;149;55;50;48;2;149;55;50m▀[38;2;149;55;50;48;2;149;55;50m▀[0m [0m [38;2;0;0;0;48;2;0;0;0m▀[38;2;0;0;0;48;2;0;0;0m▀[38;2;0;0;0;48;2;0;0;0m▀[38;2;0;0;0;48;2;0;0;0m▀[38;2;0;0;0;48;2;0;0;0m▀[38;2;0;0;0;48;2;0;0;0m▀[38;2;0;0;0;48;2;0;0;0m▀[38;2;0;0;0;48;2;0;0;0m▀[38;2;89;84;82;48;2;89;84;82m▀[38;2;89;84;82;48;2;89;84;82m▀[38;2;0;0;0;48;2;0;0;0m▀[38;2;0;0;0;48;2;0;0;0m▀[38;2;62;153;86;48;2;62;153;86m▀[38;2;62;153;86;48;2;62;153;86m▀[38;2;202;80;78;48;2;202;80;78m▀[38;2;202;80;78;48;2;202;80;78m▀[38;2;0;0;0;48;2;0;0;0m▀[38;2;0;0;0;48;2;0;0;0m▀[38;2;0;0;0;48;2;0;0;0m▀[38;2;0;0;0;48;2;0;0;0m▀[0m [0m [0m [0m [0m [0m [0m [0m [0m
[0m [0m [38;2;0;0;0;48;2;0;0;0m▀[38;2;0;0;0;48;2;0;0;0m▀[38;2;113;106;105;48;2;113;106;105m▀[38;2;113;106;105;48;2;113;106;105m▀[38;2;113;106;105;48;2;113;106;105m▀[38;2;113;106;105;48;2;113;106;105m▀[38;2;89;84;82;48;2;89;84;82m▀[38;2;89;84;82;48;2;89;84;82m▀[38;2;89;84;82;48;2;89;84;82m▀[38;2;89;84;82;48;2;89;84;82m▀[38;2;55;50;47;48;2;55;50;47m▀[38;2;55;50;47;48;2;55;50;47m▀[38;2;55;50;47;48;2;55;50;47m▀[38;2;55;50;47;48;2;55;50;47m▀[38;2;0;0;0;48;2;0;0;0m▀[38;2;0;0;0;48;2;0;0;0m▀[38;2;0;0;0;48;2;0;0;0m▀[38;2;0;0;0;48;2;0;0;0m▀[38;2;38;105;55;48;2;38;105;55m▀[38;2;38;105;55;48;2;38;105;55m▀[38;2;0;0;0;48;2;0;0;0m▀[38;2;0;0;0;48;2;0;0;0m▀[38;2;0;0;0;48;2;0;0;0m▀[38;2;0;0;0;48;2;0;0;0m▀[0m [0m [0m [0m [0m [0m [0m
[38;2;0;0;0;48;2;0;0;0m▀[38;2;0;0;0;48;2;0;0;0m▀[38;2;113;106;105;48;2;113;106;105m▀[38;2;113;106;105;48;2;113;106;105m▀[38;2;89;84;82;48;2;89;84;82m▀[38;2;89;84;82;48;2;89;84;82m▀[38;2;255;255;255;48;2;255;255;255m▀[38;2;255;255;255;48;2;255;255;255m▀[38;2;0;0;0;48;2;0;0;0m▀[38;2;0;0;0;48;2;0;0;0m▀[38;2;55;50;47;48;2;55;50;47m▀[38;2;55;50;47;48;2;55;50;47m▀[38;2;149;55;50;48;2;149;55;50m▀[38;2;149;55;50;48;2;149;55;50m▀[38;2;0;0;0;48;2;0;0;0m▀[38;2;0;0;0;48;2;0;0;0m▀[38;2;0;0;0;48;2;0;0;0m▀[38;2;0;0;0;48;2;0;0;0m▀[38;2;96;131;200;48;2;96;131;200m▀[38;2;96;131;200;48;2;96;131;200m▀[38;2;0;0;0;48;2;0;0;0m▀[38;2;0;0;0;48;2;0;0;0m▀[0m [0m [0m [0m [0m [0m [38;2;196;194;181;48;2;196;194;181m▀[38;2;196;194;181;48;2;196;194;181m▀[0m [0m [0m
[38;2;0;0;0;48;2;0;0;0m▀[38;2;0;0;0;48;2;0;0;0m▀[38;2;89;84;82;48;2;89;84;82m▀[38;2;89;84;82;48;2;89;84;82m▀[38;2;0;0;0;48;2;0;0;0m▀[38;2;0;0;0;48;2;0;0;0m▀[38;2;244;221;116;48;2;244;221;116m▀[38;2;244;221;116;48;2;244;221;116m▀[38;2;138;50;44;48;2;138;50;44m▀[38;2;138;50;44;48;2;138;50;44m▀[38;2;55;50;47;48;2;55;50;47m▀[38;2;55;50;47;48;2;55;50;47m▀[38;2;0;0;0;48;2;0;0;0m▀[38;2;0;0;0;48;2;0;0;0m▀[38;2;38;105;55;48;2;38;105;55m▀[38;2;38;105;55;48;2;38;105;55m▀[38;2;255;255;255;48;2;255;255;255m▀[38;2;255;255;255;48;2;255;255;255m▀[38;2;62;153;86;48;2;62;153;86m▀[38;2;62;153;86;48;2;62;153;86m▀[38;2;255;255;255;48;2;255;255;255m▀[38;2;255;255;255;48;2;255;255;255m▀[38;2;0;0;0;48;2;0;0;0m▀[38;2;0;0;0;48;2;0;0;0m▀[0m [0m [38;2;196;194;181;48;2;196;194;181m▀[38;2;196;194;181;48;2;196;194;181m▀[38;2;163;160;143;48;2;163;160;143m▀[38;2;163;160;143;48;2;163;160;143m▀[38;2;196;194;181;48;2;196;194;181m▀[38;2;196;194;181;48;2;196;194;181m▀[0m
[38;2;0;0;0;48;2;0;0;0m▀[38;2;0;0;0;48;2;0;0;0m▀[38;2;0;0;0;48;2;0;0;0m▀[38;2;0;0;0;48;2;0;0;0m▀[38;2;55;50;47;48;2;55;50;47m▀[38;2;55;50;47;48;2;55;50;47m▀[38;2;0;0;0;48;2;0;0;0m▀[38;2;0;0;0;48;2;0;0;0m▀[38;2;0;0;0;48;2;0;0;0m▀[38;2;0;0;0;48;2;0;0;0m▀[38;2;0;0;0;48;2;0;0;0m▀[38;2;0;0;0;48;2;0;0;0m▀[38;2;38;105;55;48;2;38;105;55m▀[38;2;38;105;55;48;2;38;105;55m▀[38;2;62;153;86;48;2;62;153;86m▀[38;2;62;153;86;48;2;62;153;86m▀[38;2;96;131;200;48;2;96;131;200m▀[38;2;96;131;200;48;2;96;131;200m▀[38;2;255;255;255;48;2;255;255;255m▀[38;2;255;255;255;48;2;255;255;255m▀[38;2;96;131;200;48;2;96;131;200m▀[38;2;96;131;200;48;2;96;131;200m▀[38;2;38;105;55;48;2;38;105;55m▀[38;2;38;105;55;48;2;38;105;55m▀[38;2;0;0;0;48;2;0;0;0m▀[38;2;0;0;0;48;2;0;0;0m▀[38;2;163;160;143;48;2;163;160;143m▀[38;2;163;160;143;48;2;163;160;143m▀[0m [0m [38;2;163;160;143;48;2;163;160;143m▀[38;2;163;160;143;48;2;163;160;143m▀[0m
[38;2;33;30;28;48;2;33;30;28m▀[38;2;33;30;28;48;2;33;30;28m▀[0m [0m [38;2;33;30;28;48;2;33;30;28m▀[38;2;33;30;28;48;2;33;30;28m▀[0m [0m [0m [0m [38;2;33;30;28;48;2;33;30;28m▀[38;2;33;30;28;48;2;33;30;28m▀[38;2;0;0;0;48;2;0;0;0m▀[38;2;0;0;0;48;2;0;0;0m▀[38;2;0;0;0;48;2;0;0;0m▀[38;2;0;0;0;48;2;0;0;0m▀[38;2;0;0;0;48;2;0;0;0m▀[38;2;0;0;0;48;2;0;0;0m▀[38;2;38;105;55;48;2;38;105;55m▀[38;2;38;105;55;48;2;38;105;55m▀[38;2;38;105;55;48;2;38;105;55m▀[38;2;38;105;55;48;2;38;105;55m▀[38;2;0;0;0;48;2;0;0;0m▀[38;2;0;0;0;48;2;0;0;0m▀[0m [0m [0m [0m [0m [0m [38;2;121;117;98;48;2;121;117;98m▀[38;2;121;117;98;48;2;121;117;98m▀[0m
[0m [0m [0m [0m [0m [0m [0m [0m [38;2;33;30;28;48;2;33;30;28m▀[38;2;33;30;28;48;2;33;30;28m▀[38;2;0;0;0;48;2;0;0;0m▀[38;2;0;0;0;48;2;0;0;0m▀[38;2;62;153;86;48;2;62;153;86m▀[38;2;62;153;86;48;2;62;153;86m▀[38;2;38;105;55;48;2;38;105;55m▀[38;2;38;105;55;48;2;38;105;55m▀[38;2;38;105;55;48;2;38;105;55m▀[38;2;38;105;55;48;2;38;105;55m▀[38;2;0;0;0;48;2;0;0;0m▀[38;2;0;0;0;48;2;0;0;0m▀[38;2;0;0;0;48;2;0;0;0m▀[38;2;0;0;0;48;2;0;0;0m▀[0m [0m [0m [0m [38;2;149;55;50;48;2;149;55;50m▀[38;2;149;55;50;48;2;149;55;50m▀[38;2;149;55;50;48;2;149;55;50m▀[38;2;149;55;50;48;2;149;55;50m▀[0m [0m [0m
[0m [0m [38;2;33;30;28;48;2;33;30;28m▀[38;2;33;30;28;48;2;33;30;28m▀[0m [0m [38;2;33;30;28;48;2;33;30;28m▀[38;2;33;30;28;48;2;33;30;28m▀[38;2;0;0;0;48;2;0;0;0m▀[38;2;0;0;0;48;2;0;0;0m▀[0m [0m [38;2;0;0;0;48;2;0;0;0m▀[38;2;0;0;0;48;2;0;0;0m▀[38;2;62;153;86;48;2;62;153;86m▀[38;2;62;153;86;48;2;62;153;86m▀[38;2;0;0;0;48;2;0;0;0m▀[38;2;0;0;0;48;2;0;0;0m▀[38;2;202;80;78;48;2;202;80;78m▀[38;2;202;80;78;48;2;202;80;78m▀[38;2;0;0;0;48;2;0;0;0m▀[38;2;0;0;0;48;2;0;0;0m▀[0m [0m [0m [0m [0m [0m [0m [0m [0m [0m [0m
[0m [0m [38;2;0;0;0;48;2;0;0;0m▀[38;2;0;0;0;48;2;0;0;0m▀[38;2;0;0;0;48;2;0;0;0m▀[38;2;0;0;0;48;2;0;0;0m▀[38;2;0;0;0;48;2;0;0;0m▀[38;2;0;0;0;48;2;0;0;0m▀[0m [0m [0m [0m [0m [0m [38;2;0;0;0;48;2;0;0;0m▀[38;2;0;0;0;48;2;0;0;0m▀[38;2;202;80;78;48;2;202;80;78m▀[38;2;202;80;78;48;2;202;80;78m▀[38;2;0;0;0;48;2;0;0;0m▀[38;2;0;0;0;48;2;0;0;0m▀[0m [0m [0m [0m [0m [0m [0m [0m [0m [0m [0m [0m [0m
[0m [0m [0m [0m [0m [0m [0m [0m [0m [0m [0m [0m [0m [0m [0m [0m [38;2;0;0;0;48;2;0;0;0m▀[38;2;0;0;0;48;2;0;0;0m▀[0m [0m [0m [0m [0m [0m [0m [0m [0m [0m [0m [0m [0m [0m [0m
[0m [0m [0m [0m [0m [0m [0m [0m [0m [0m [0m [0m [0m [0m [0m [0m [0m [0m [0m [0m [0m [0m [0m [0m [0m [0m [0m [0m [0m [0m [0m [0m [0m
