[0m [0m [0m [0m [0m [0m [0m [0m [38;2;39;16;5;48;2;39;16;5m▀[38;2;39;16;5;48;2;39;16;5m▀[38;2;39;16;5;48;2;39;16;5m▀[38;2;39;16;5;48;2;39;16;5m▀[0m [0m [0m [0m [0m [0m [0m [0m [0m [0m [0m [0m [0m [0m [0m [0m [0m [0m [0m [0m [0m
[0m [0m [0m [0m [0m [0m [38;2;39;16;5;48;2;39;16;5m▀[38;2;39;16;5;48;2;39;16;5m▀[0m [0m [0m [0m [0m [0m [38;2;39;16;5;48;2;39;16;5m▀[38;2;39;16;5;48;2;39;16;5m▀[38;2;39;16;5;48;2;39;16;5m▀[38;2;39;16;5;48;2;39;16;5m▀[38;2;39;16;5;48;2;39;16;5m▀[38;2;39;16;5;48;2;39;16;5m▀[0m [0m [0m [0m [0m [0m [0m [0m [0m [0m [0m [0m [0m
[0m [0m [0m [0m [38;2;39;16;5;48;2;39;16;5m▀[38;2;39;16;5;48;2;39;16;5m▀[0m [0m [0m [0m [0m [0m [38;2;39;16;5;48;2;39;16;5m▀[38;2;39;16;5;48;2;39;16;5m▀[0m [0m [0m [0m [0m [0m [38;2;39;16;5;48;2;39;16;5m▀[38;2;39;16;5;48;2;39;16;5m▀[0m [0m [0m [0m [0m [0m [0m [0m [0m [0m [0m
[0m [0m [0m [0m [38;2;39;16;5;48;2;39;16;5m▀[38;2;39;16;5;48;2;39;16;5m▀[0m [0m [0m [0m [38;2;39;16;5;48;2;39;16;5m▀[38;2;39;16;5;48;2;39;16;5m▀[0m [0m [0m [0m [0m [0m [0m [0m [0m [0m [0m [0m [38;2;0;0;0;48;2;0;0;0m▀[38;2;0;0;0;48;2;0;0;0m▀[38;2;0;0;0;48;2;0;0;0m▀[38;2;0;0;0;48;2;0;0;0m▀[38;2;0;0;0;48;2;0;0;0m▀[38;2;0;0;0;48;2;0;0;0m▀[38;2;0;0;0;48;2;0;0;0m▀[38;2;0;0;0;48;2;0;0;0m▀[0m
[0m [0m [38;2;39;16;5;48;2;39;16;5m▀[38;2;39;16;5;48;2;39;16;5m▀[0m [0m [0m [0m [0m [0m [38;2;39;16;5;48;2;39;16;5m▀[38;2;39;16;5;48;2;39;16;5m▀[0m [0m [0m [0m [0m [0m [0m [0m [0m [0m [38;2;0;0;0;48;2;0;0;0m▀[38;2;0;0;0;48;2;0;0;0m▀[38;2;192;32;32;48;2;192;32;32m▀[38;2;192;32;32;48;2;192;32;32m▀[38;2;240;80;80;48;2;240;80;80m▀[38;2;240;80;80;48;2;240;80;80m▀[38;2;192;32;32;48;2;192;32;32m▀[38;2;192;32;32;48;2;192;32;32m▀[38;2;0;0;0;48;2;0;0;0m▀[38;2;0;0;0;48;2;0;0;0m▀[0m
[0m [0m [38;2;39;16;5;48;2;39;16;5m▀[38;2;39;16;5;48;2;39;16;5m▀[0m [0m [0m [0m [0m [0m [38;2;39;16;5;48;2;39;16;5m▀[38;2;39;16;5;48;2;39;16;5m▀[38;2;0;0;0;48;2;0;0;0m▀[38;2;0;0;0;48;2;0;0;0m▀[38;2;0;0;0;48;2;0;0;0m▀[38;2;0;0;0;48;2;0;0;0m▀[38;2;0;0;0;48;2;0;0;0m▀[38;2;0;0;0;48;2;0;0;0m▀[0m [0m [38;2;0;0;0;48;2;0;0;0m▀[38;2;0;0;0;48;2;0;0;0m▀[38;2;240;80;80;48;2;240;80;80m▀[38;2;240;80;80;48;2;240;80;80m▀[38;2;240;80;80;48;2;240;80;80m▀[38;2;240;80;80;48;2;240;80;80m▀[38;2;192;32;32;48;2;192;32;32m▀[38;2;192;32;32;48;2;192;32;32m▀[38;2;0;0;0;48;2;0;0;0m▀[38;2;0;0;0;48;2;0;0;0m▀[0m [0m [0m
[0m [0m [0m [0m [38;2;0;0;0;48;2;0;0;0m▀[38;2;0;0;0;48;2;0;0;0m▀[38;2;0;0;0;48;2;0;0;0m▀[38;2;0;0;0;48;2;0;0;0m▀[38;2;0;0;0;48;2;0;0;0m▀[38;2;0;0;0;48;2;0;0;0m▀[38;2;0;0;0;48;2;0;0;0m▀[38;2;0;0;0;48;2;0;0;0m▀[38;2;39;16;5;48;2;39;16;5m▀[38;2;39;16;5;48;2;39;16;5m▀[38;2;64;32;16;48;2;64;32;16m▀[38;2;64;32;16;48;2;64;32;16m▀[38;2;245;228;203;48;2;245;228;203m▀[38;2;245;228;203;48;2;245;228;203m▀[38;2;0;0;0;48;2;0;0;0m▀[38;2;0;0;0;48;2;0;0;0m▀[38;2;192;32;32;48;2;192;32;32m▀[38;2;192;32;32;48;2;192;32;32m▀[38;2;240;80;80;48;2;240;80;80m▀[38;2;240;80;80;48;2;240;80;80m▀[38;2;192;32;32;48;2;192;32;32m▀[38;2;192;32;32;48;2;192;32;32m▀[38;2;0;0;0;48;2;0;0;0m▀[38;2;0;0;0;48;2;0;0;0m▀[0m [0m [0m [0m [0m
[0m [0m [38;2;0;0;0;48;2;0;0;0m▀[38;2;0;0;0;48;2;0;0;0m▀[38;2;255;255;255;48;2;255;255;255m▀[38;2;255;255;255;48;2;255;255;255m▀[38;2;64;32;16;48;2;64;32;16m▀[38;2;64;32;16;48;2;64;32;16m▀[38;2;39;16;5;48;2;39;16;5m▀[38;2;39;16;5;48;2;39;16;5m▀[38;2;255;255;255;48;2;255;255;255m▀[38;2;255;255;255;48;2;255;255;255m▀[38;2;0;0;0;48;2;0;0;0m▀[38;2;0;0;0;48;2;0;0;0m▀[38;2;64;32;16;48;2;64;32;16m▀[38;2;64;32;16;48;2;64;32;16m▀[38;2;64;32;16;48;2;64;32;16m▀[38;2;64;32;16;48;2;64;32;16m▀[38;2;245;228;203;48;2;245;228;203m▀[38;2;245;228;203;48;2;245;228;203m▀[38;2;0;0;0;48;2;0;0;0m▀[38;2;0;0;0;48;2;0;0;0m▀[38;2;0;0;0;48;2;0;0;0m▀[38;2;0;0;0;48;2;0;0;0m▀[38;2;0;0;0;48;2;0;0;0m▀[38;2;0;0;0;48;2;0;0;0m▀[0m [0m [0m [0m [0m [0m [0m
[38;2;0;0;0;48;2;0;0;0m▀[38;2;0;0;0;48;2;0;0;0m▀[38;2;192;32;32;48;2;192;32;32m▀[38;2;192;32;32;48;2;192;32;32m▀[38;2;0;0;0;48;2;0;0;0m▀[38;2;0;0;0;48;2;0;0;0m▀[38;2;64;32;16;48;2;64;32;16m▀[38;2;64;32;16;48;2;64;32;16m▀[38;2;192;32;32;48;2;192;32;32m▀[38;2;192;32;32;48;2;192;32;32m▀[38;2;0;0;0;48;2;0;0;0m▀[38;2;0;0;0;48;2;0;0;0m▀[38;2;0;0;0;48;2;0;0;0m▀[38;2;0;0;0;48;2;0;0;0m▀[38;2;64;32;16;48;2;64;32;16m▀[38;2;64;32;16;48;2;64;32;16m▀[38;2;64;32;16;48;2;64;32;16m▀[38;2;64;32;16;48;2;64;32;16m▀[38;2;39;16;5;48;2;39;16;5m▀[38;2;39;16;5;48;2;39;16;5m▀[38;2;0;0;0;48;2;0;0;0m▀[38;2;0;0;0;48;2;0;0;0m▀[0m [0m [0m [0m [0m [0m [0m [0m [0m [0m [0m
[38;2;0;0;0;48;2;0;0;0m▀[38;2;0;0;0;48;2;0;0;0m▀[38;2;240;80;80;48;2;240;80;80m▀[38;2;240;80;80;48;2;240;80;80m▀[38;2;192;32;32;48;2;192;32;32m▀[38;2;192;32;32;48;2;192;32;32m▀[38;2;39;16;5;48;2;39;16;5m▀[38;2;39;16;5;48;2;39;16;5m▀[38;2;240;80;80;48;2;240;80;80m▀[38;2;240;80;80;48;2;240;80;80m▀[38;2;192;32;32;48;2;192;32;32m▀[38;2;192;32;32;48;2;192;32;32m▀[38;2;0;0;0;48;2;0;0;0m▀[38;2;0;0;0;48;2;0;0;0m▀[38;2;39;16;5;48;2;39;16;5m▀[38;2;39;16;5;48;2;39;16;5m▀[38;2;64;32;16;48;2;64;32;16m▀[38;2;64;32;16;48;2;64;32;16m▀[38;2;64;32;16;48;2;64;32;16m▀[38;2;64;32;16;48;2;64;32;16m▀[38;2;39;16;5;48;2;39;16;5m▀[38;2;39;16;5;48;2;39;16;5m▀[38;2;0;0;0;48;2;0;0;0m▀[38;2;0;0;0;48;2;0;0;0m▀[38;2;0;0;0;48;2;0;0;0m▀[38;2;0;0;0;48;2;0;0;0m▀[0m [0m [0m [0m [0m [0m [0m
[38;2;0;0;0;48;2;0;0;0m▀[38;2;0;0;0;48;2;0;0;0m▀[38;2;0;0;0;48;2;0;0;0m▀[38;2;0;0;0;48;2;0;0;0m▀[38;2;0;0;0;48;2;0;0;0m▀[38;2;0;0;0;48;2;0;0;0m▀[38;2;0;0;0;48;2;0;0;0m▀[38;2;0;0;0;48;2;0;0;0m▀[38;2;0;0;0;48;2;0;0;0m▀[38;2;0;0;0;48;2;0;0;0m▀[38;2;0;0;0;48;2;0;0;0m▀[38;2;0;0;0;48;2;0;0;0m▀[38;2;0;0;0;48;2;0;0;0m▀[38;2;0;0;0;48;2;0;0;0m▀[38;2;0;0;0;48;2;0;0;0m▀[38;2;0;0;0;48;2;0;0;0m▀[38;2;39;16;5;48;2;39;16;5m▀[38;2;39;16;5;48;2;39;16;5m▀[38;2;39;16;5;48;2;39;16;5m▀[38;2;39;16;5;48;2;39;16;5m▀[38;2;39;16;5;48;2;39;16;5m▀[38;2;39;16;5;48;2;39;16;5m▀[38;2;39;16;5;48;2;39;16;5m▀[38;2;39;16;5;48;2;39;16;5m▀[38;2;39;16;5;48;2;39;16;5m▀[38;2;39;16;5;48;2;39;16;5m▀[38;2;0;0;0;48;2;0;0;0m▀[38;2;0;0;0;48;2;0;0;0m▀[38;2;0;0;0;48;2;0;0;0m▀[38;2;0;0;0;48;2;0;0;0m▀[38;2;0;0;0;48;2;0;0;0m▀[38;2;0;0;0;48;2;0;0;0m▀[0m
[38;2;0;0;0;48;2;0;0;0m▀[38;2;0;0;0;48;2;0;0;0m▀[38;2;255;255;255;48;2;255;255;255m▀[38;2;255;255;255;48;2;255;255;255m▀[38;2;0;0;0;48;2;0;0;0m▀[38;2;0;0;0;48;2;0;0;0m▀[38;2;255;255;255;48;2;255;255;255m▀[38;2;255;255;255;48;2;255;255;255m▀[38;2;0;0;0;48;2;0;0;0m▀[38;2;0;0;0;48;2;0;0;0m▀[38;2;255;255;255;48;2;255;255;255m▀[38;2;255;255;255;48;2;255;255;255m▀[38;2;0;0;0;48;2;0;0;0m▀[38;2;0;0;0;48;2;0;0;0m▀[38;2;88;57;27;48;2;88;57;27m▀[38;2;88;57;27;48;2;88;57;27m▀[38;2;0;0;0;48;2;0;0;0m▀[38;2;0;0;0;48;2;0;0;0m▀[38;2;0;0;0;48;2;0;0;0m▀[38;2;0;0;0;48;2;0;0;0m▀[38;2;0;0;0;48;2;0;0;0m▀[38;2;0;0;0;48;2;0;0;0m▀[38;2;0;0;0;48;2;0;0;0m▀[38;2;0;0;0;48;2;0;0;0m▀[38;2;0;0;0;48;2;0;0;0m▀[38;2;0;0;0;48;2;0;0;0m▀[38;2;0;0;0;48;2;0;0;0m▀[38;2;0;0;0;48;2;0;0;0m▀[38;2;0;0;0;48;2;0;0;0m▀[38;2;0;0;0;48;2;0;0;0m▀[0m [0m [0m
[0m [0m [38;2;0;0;0;48;2;0;0;0m▀[38;2;0;0;0;48;2;0;0;0m▀[38;2;128;96;64;48;2;128;96;64m▀[38;2;128;96;64;48;2;128;96;64m▀[38;2;128;96;64;48;2;128;96;64m▀[38;2;128;96;64;48;2;128;96;64m▀[38;2;88;57;27;48;2;88;57;27m▀[38;2;88;57;27;48;2;88;57;27m▀[38;2;88;57;27;48;2;88;57;27m▀[38;2;88;57;27;48;2;88;57;27m▀[38;2;0;0;0;48;2;0;0;0m▀[38;2;0;0;0;48;2;0;0;0m▀[38;2;128;96;64;48;2;128;96;64m▀[38;2;128;96;64;48;2;128;96;64m▀[38;2;88;57;27;48;2;88;57;27m▀[38;2;88;57;27;48;2;88;57;27m▀[38;2;0;0;0;48;2;0;0;0m▀[38;2;0;0;0;48;2;0;0;0m▀[38;2;88;57;27;48;2;88;57;27m▀[38;2;88;57;27;48;2;88;57;27m▀[38;2;0;0;0;48;2;0;0;0m▀[38;2;0;0;0;48;2;0;0;0m▀[38;2;88;57;27;48;2;88;57;27m▀[38;2;88;57;27;48;2;88;57;27m▀[38;2;0;0;0;48;2;0;0;0m▀[38;2;0;0;0;48;2;0;0;0m▀[0m [0m [0m [0m [0m
[0m [0m [0m [0m [38;2;0;0;0;48;2;0;0;0m▀[38;2;0;0;0;48;2;0;0;0m▀[38;2;0;0;0;48;2;0;0;0m▀[38;2;0;0;0;48;2;0;0;0m▀[38;2;0;0;0;48;2;0;0;0m▀[38;2;0;0;0;48;2;0;0;0m▀[38;2;0;0;0;48;2;0;0;0m▀[38;2;0;0;0;48;2;0;0;0m▀[38;2;0;0;0;48;2;0;0;0m▀[38;2;0;0;0;48;2;0;0;0m▀[38;2;0;0;0;48;2;0;0;0m▀[38;2;0;0;0;48;2;0;0;0m▀[38;2;128;96;64;48;2;128;96;64m▀[38;2;128;96;64;48;2;128;96;64m▀[38;2;0;0;0;48;2;0;0;0m▀[38;2;0;0;0;48;2;0;0;0m▀[38;2;128;96;64;48;2;128;96;64m▀[38;2;128;96;64;48;2;128;96;64m▀[38;2;0;0;0;48;2;0;0;0m▀[38;2;0;0;0;48;2;0;0;0m▀[38;2;128;96;64;48;2;128;96;64m▀[38;2;128;96;64;48;2;128;96;64m▀[38;2;0;0;0;48;2;0;0;0m▀[38;2;0;0;0;48;2;0;0;0m▀[0m [0m [0m [0m [0m
[0m [0m [38;2;0;0;0;48;2;0;0;0m▀[38;2;0;0;0;48;2;0;0;0m▀[38;2;128;96;64;48;2;128;96;64m▀[38;2;128;96;64;48;2;128;96;64m▀[38;2;88;57;27;48;2;88;57;27m▀[38;2;88;57;27;48;2;88;57;27m▀[38;2;0;0;0;48;2;0;0;0m▀[38;2;0;0;0;48;2;0;0;0m▀[0m [0m [0m [0m [38;2;0;0;0;48;2;0;0;0m▀[38;2;0;0;0;48;2;0;0;0m▀[38;2;128;96;64;48;2;128;96;64m▀[38;2;128;96;64;48;2;128;96;64m▀[38;2;88;57;27;48;2;88;57;27m▀[38;2;88;57;27;48;2;88;57;27m▀[38;2;0;0;0;48;2;0;0;0m▀[38;2;0;0;0;48;2;0;0;0m▀[38;2;128;96;64;48;2;128;96;64m▀[38;2;128;96;64;48;2;128;96;64m▀[38;2;0;0;0;48;2;0;0;0m▀[38;2;0;0;0;48;2;0;0;0m▀[38;2;128;96;64;48;2;128;96;64m▀[38;2;128;96;64;48;2;128;96;64m▀[38;2;0;0;0;48;2;0;0;0m▀[38;2;0;0;0;48;2;0;0;0m▀[0m [0m [0m
[0m [0m [38;2;0;0;0;48;2;0;0;0m▀[38;2;0;0;0;48;2;0;0;0m▀[38;2;0;0;0;48;2;0;0;0m▀[38;2;0;0;0;48;2;0;0;0m▀[38;2;0;0;0;48;2;0;0;0m▀[38;2;0;0;0;48;2;0;0;0m▀[38;2;0;0;0;48;2;0;0;0m▀[38;2;0;0;0;48;2;0;0;0m▀[0m [0m [0m [0m [38;2;0;0;0;48;2;0;0;0m▀[38;2;0;0;0;48;2;0;0;0m▀[38;2;0;0;0;48;2;0;0;0m▀[38;2;0;0;0;48;2;0;0;0m▀[38;2;0;0;0;48;2;0;0;0m▀[38;2;0;0;0;48;2;0;0;0m▀[38;2;0;0;0;48;2;0;0;0m▀[38;2;0;0;0;48;2;0;0;0m▀[38;2;0;0;0;48;2;0;0;0m▀[38;2;0;0;0;48;2;0;0;0m▀[38;2;0;0;0;48;2;0;0;0m▀[38;2;0;0;0;48;2;0;0;0m▀[38;2;0;0;0;48;2;0;0;0m▀[38;2;0;0;0;48;2;0;0;0m▀[38;2;0;0;0;48;2;0;0;0m▀[38;2;0;0;0;48;2;0;0;0m▀[0m [0m [0m
