[0m [0m [0m [0m [0m [0m [0m [0m [0m [0m [0m [0m [0m [0m [0m [0m [0m [0m [0m [0m [0m [0m [0m [0m [0m [0m [0m [0m [0m [0m [0m [0m [0m
[0m [0m [0m [0m [0m [0m [0m [0m [0m [0m [0m [0m [0m [0m [0m [0m [0m [0m [0m [0m [0m [0m [0m [0m [0m [0m [0m [0m [0m [0m [0m [0m [0m
[0m [0m [0m [0m [0m [0m [0m [0m [0m [0m [0m [0m [0m [0m [0m [0m [0m [0m [0m [0m [0m [0m [0m [0m [0m [0m [0m [0m [0m [0m [0m [0m [0m
[0m [0m [0m [0m [0m [0m [38;2;0;0;0;48;2;0;0;0m▀[38;2;0;0;0;48;2;0;0;0m▀[38;2;0;0;0;48;2;0;0;0m▀[38;2;0;0;0;48;2;0;0;0m▀[0m [0m [38;2;0;0;0;48;2;0;0;0m▀[38;2;0;0;0;48;2;0;0;0m▀[38;2;0;0;0;48;2;0;0;0m▀[38;2;0;0;0;48;2;0;0;0m▀[0m [0m [0m [0m [0m [0m [0m [0m [0m [0m [0m [0m [0m [0m [0m [0m [0m
[0m [0m [0m [0m [38;2;0;0;0;48;2;0;0;0m▀[38;2;0;0;0;48;2;0;0;0m▀[38;2;255;255;255;48;2;255;255;255m▀[38;2;255;255;255;48;2;255;255;255m▀[38;2;255;255;255;48;2;255;255;255m▀[38;2;255;255;255;48;2;255;255;255m▀[38;2;0;0;0;48;2;0;0;0m▀[38;2;0;0;0;48;2;0;0;0m▀[38;2;255;255;255;48;2;255;255;255m▀[38;2;255;255;255;48;2;255;255;255m▀[38;2;255;255;255;48;2;255;255;255m▀[38;2;255;255;255;48;2;255;255;255m▀[38;2;0;0;0;48;2;0;0;0m▀[38;2;0;0;0;48;2;0;0;0m▀[0m [0m [0m [0m [0m [0m [0m [0m [0m [0m [0m [0m [0m [0m [0m
[0m [0m [0m [0m [38;2;0;0;0;48;2;0;0;0m▀[38;2;0;0;0;48;2;0;0;0m▀[38;2;255;255;255;48;2;255;255;255m▀[38;2;255;255;255;48;2;255;255;255m▀[38;2;255;255;255;48;2;255;255;255m▀[38;2;255;255;255;48;2;255;255;255m▀[38;2;0;0;0;48;2;0;0;0m▀[38;2;0;0;0;48;2;0;0;0m▀[38;2;255;255;255;48;2;255;255;255m▀[38;2;255;255;255;48;2;255;255;255m▀[38;2;255;255;255;48;2;255;255;255m▀[38;2;255;255;255;48;2;255;255;255m▀[38;2;0;0;0;48;2;0;0;0m▀[38;2;0;0;0;48;2;0;0;0m▀[0m [0m [0m [0m [0m [0m [0m [0m [0m [0m [0m [0m [0m [0m [0m
[0m [0m [0m [0m [38;2;0;0;0;48;2;0;0;0m▀[38;2;0;0;0;48;2;0;0;0m▀[38;2;0;0;0;48;2;0;0;0m▀[38;2;0;0;0;48;2;0;0;0m▀[38;2;255;255;255;48;2;255;255;255m▀[38;2;255;255;255;48;2;255;255;255m▀[38;2;0;0;0;48;2;0;0;0m▀[38;2;0;0;0;48;2;0;0;0m▀[38;2;0;0;0;48;2;0;0;0m▀[38;2;0;0;0;48;2;0;0;0m▀[38;2;255;255;255;48;2;255;255;255m▀[38;2;255;255;255;48;2;255;255;255m▀[38;2;0;0;0;48;2;0;0;0m▀[38;2;0;0;0;48;2;0;0;0m▀[38;2;0;0;0;48;2;0;0;0m▀[38;2;0;0;0;48;2;0;0;0m▀[0m [0m [0m [0m [0m [0m [0m [0m [0m [0m [0m [0m [0m
[0m [0m [38;2;0;0;0;48;2;0;0;0m▀[38;2;0;0;0;48;2;0;0;0m▀[38;2;107;198;49;48;2;107;198;49m▀[38;2;107;198;49;48;2;107;198;49m▀[38;2;0;0;0;48;2;0;0;0m▀[38;2;0;0;0;48;2;0;0;0m▀[38;2;255;255;255;48;2;255;255;255m▀[38;2;255;255;255;48;2;255;255;255m▀[38;2;107;198;49;48;2;107;198;49m▀[38;2;107;198;49;48;2;107;198;49m▀[38;2;0;0;0;48;2;0;0;0m▀[38;2;0;0;0;48;2;0;0;0m▀[38;2;255;255;255;48;2;255;255;255m▀[38;2;255;255;255;48;2;255;255;255m▀[38;2;107;198;49;48;2;107;198;49m▀[38;2;107;198;49;48;2;107;198;49m▀[38;2;0;0;0;48;2;0;0;0m▀[38;2;0;0;0;48;2;0;0;0m▀[38;2;0;0;0;48;2;0;0;0m▀[38;2;0;0;0;48;2;0;0;0m▀[0m [0m [0m [0m [0m [0m [0m [0m [0m [0m [0m
[38;2;0;0;0;48;2;0;0;0m▀[38;2;0;0;0;48;2;0;0;0m▀[38;2;107;198;49;48;2;107;198;49m▀[38;2;107;198;49;48;2;107;198;49m▀[38;2;107;198;49;48;2;107;198;49m▀[38;2;107;198;49;48;2;107;198;49m▀[38;2;107;198;49;48;2;107;198;49m▀[38;2;107;198;49;48;2;107;198;49m▀[38;2;107;198;49;48;2;107;198;49m▀[38;2;107;198;49;48;2;107;198;49m▀[38;2;107;198;49;48;2;107;198;49m▀[38;2;107;198;49;48;2;107;198;49m▀[38;2;107;198;49;48;2;107;198;49m▀[38;2;107;198;49;48;2;107;198;49m▀[38;2;107;198;49;48;2;107;198;49m▀[38;2;107;198;49;48;2;107;198;49m▀[38;2;107;198;49;48;2;107;198;49m▀[38;2;107;198;49;48;2;107;198;49m▀[38;2;35;122;17;48;2;35;122;17m▀[38;2;35;122;17;48;2;35;122;17m▀[38;2;35;122;17;48;2;35;122;17m▀[38;2;35;122;17;48;2;35;122;17m▀[38;2;0;0;0;48;2;0;0;0m▀[38;2;0;0;0;48;2;0;0;0m▀[0m [0m [0m [0m [0m [0m [0m [0m [0m
[38;2;0;0;0;48;2;0;0;0m▀[38;2;0;0;0;48;2;0;0;0m▀[38;2;107;198;49;48;2;107;198;49m▀[38;2;107;198;49;48;2;107;198;49m▀[38;2;107;198;49;48;2;107;198;49m▀[38;2;107;198;49;48;2;107;198;49m▀[38;2;107;198;49;48;2;107;198;49m▀[38;2;107;198;49;48;2;107;198;49m▀[38;2;107;198;49;48;2;107;198;49m▀[38;2;107;198;49;48;2;107;198;49m▀[38;2;107;198;49;48;2;107;198;49m▀[38;2;107;198;49;48;2;107;198;49m▀[38;2;107;198;49;48;2;107;198;49m▀[38;2;107;198;49;48;2;107;198;49m▀[38;2;107;198;49;48;2;107;198;49m▀[38;2;107;198;49;48;2;107;198;49m▀[38;2;107;198;49;48;2;107;198;49m▀[38;2;107;198;49;48;2;107;198;49m▀[38;2;107;198;49;48;2;107;198;49m▀[38;2;107;198;49;48;2;107;198;49m▀[38;2;35;122;17;48;2;35;122;17m▀[38;2;35;122;17;48;2;35;122;17m▀[38;2;0;0;0;48;2;0;0;0m▀[38;2;0;0;0;48;2;0;0;0m▀[38;2;0;0;0;48;2;0;0;0m▀[38;2;0;0;0;48;2;0;0;0m▀[0m [0m [0m [0m [0m [0m [0m
[38;2;0;0;0;48;2;0;0;0m▀[38;2;0;0;0;48;2;0;0;0m▀[38;2;0;0;0;48;2;0;0;0m▀[38;2;0;0;0;48;2;0;0;0m▀[38;2;0;0;0;48;2;0;0;0m▀[38;2;0;0;0;48;2;0;0;0m▀[38;2;0;0;0;48;2;0;0;0m▀[38;2;0;0;0;48;2;0;0;0m▀[38;2;0;0;0;48;2;0;0;0m▀[38;2;0;0;0;48;2;0;0;0m▀[38;2;0;0;0;48;2;0;0;0m▀[38;2;0;0;0;48;2;0;0;0m▀[38;2;0;0;0;48;2;0;0;0m▀[38;2;0;0;0;48;2;0;0;0m▀[38;2;107;198;49;48;2;107;198;49m▀[38;2;107;198;49;48;2;107;198;49m▀[38;2;107;198;49;48;2;107;198;49m▀[38;2;107;198;49;48;2;107;198;49m▀[38;2;107;198;49;48;2;107;198;49m▀[38;2;107;198;49;48;2;107;198;49m▀[38;2;107;198;49;48;2;107;198;49m▀[38;2;107;198;49;48;2;107;198;49m▀[38;2;35;122;17;48;2;35;122;17m▀[38;2;35;122;17;48;2;35;122;17m▀[38;2;35;122;17;48;2;35;122;17m▀[38;2;35;122;17;48;2;35;122;17m▀[38;2;0;0;0;48;2;0;0;0m▀[38;2;0;0;0;48;2;0;0;0m▀[0m [0m [0m [0m [0m
[0m [0m [38;2;0;0;0;48;2;0;0;0m▀[38;2;0;0;0;48;2;0;0;0m▀[38;2;107;198;49;48;2;107;198;49m▀[38;2;107;198;49;48;2;107;198;49m▀[38;2;107;198;49;48;2;107;198;49m▀[38;2;107;198;49;48;2;107;198;49m▀[38;2;107;198;49;48;2;107;198;49m▀[38;2;107;198;49;48;2;107;198;49m▀[38;2;35;122;17;48;2;35;122;17m▀[38;2;35;122;17;48;2;35;122;17m▀[38;2;35;122;17;48;2;35;122;17m▀[38;2;35;122;17;48;2;35;122;17m▀[38;2;0;0;0;48;2;0;0;0m▀[38;2;0;0;0;48;2;0;0;0m▀[38;2;107;198;49;48;2;107;198;49m▀[38;2;107;198;49;48;2;107;198;49m▀[38;2;35;122;17;48;2;35;122;17m▀[38;2;35;122;17;48;2;35;122;17m▀[38;2;107;198;49;48;2;107;198;49m▀[38;2;107;198;49;48;2;107;198;49m▀[38;2;107;198;49;48;2;107;198;49m▀[38;2;107;198;49;48;2;107;198;49m▀[38;2;35;122;17;48;2;35;122;17m▀[38;2;35;122;17;48;2;35;122;17m▀[38;2;0;0;0;48;2;0;0;0m▀[38;2;0;0;0;48;2;0;0;0m▀[0m [0m [0m [0m [0m
[0m [0m [0m [0m [38;2;0;0;0;48;2;0;0;0m▀[38;2;0;0;0;48;2;0;0;0m▀[38;2;255;255;255;48;2;255;255;255m▀[38;2;255;255;255;48;2;255;255;255m▀[38;2;255;255;255;48;2;255;255;255m▀[38;2;255;255;255;48;2;255;255;255m▀[38;2;255;255;255;48;2;255;255;255m▀[38;2;255;255;255;48;2;255;255;255m▀[38;2;255;255;255;48;2;255;255;255m▀[38;2;255;255;255;48;2;255;255;255m▀[38;2;0;0;0;48;2;0;0;0m▀[38;2;0;0;0;48;2;0;0;0m▀[38;2;107;198;49;48;2;107;198;49m▀[38;2;107;198;49;48;2;107;198;49m▀[38;2;35;122;17;48;2;35;122;17m▀[38;2;35;122;17;48;2;35;122;17m▀[38;2;35;122;17;48;2;35;122;17m▀[38;2;35;122;17;48;2;35;122;17m▀[38;2;107;198;49;48;2;107;198;49m▀[38;2;107;198;49;48;2;107;198;49m▀[38;2;35;122;17;48;2;35;122;17m▀[38;2;35;122;17;48;2;35;122;17m▀[38;2;0;0;0;48;2;0;0;0m▀[38;2;0;0;0;48;2;0;0;0m▀[0m [0m [0m [0m [0m
[0m [0m [0m [0m [38;2;0;0;0;48;2;0;0;0m▀[38;2;0;0;0;48;2;0;0;0m▀[38;2;107;198;49;48;2;107;198;49m▀[38;2;107;198;49;48;2;107;198;49m▀[38;2;255;255;255;48;2;255;255;255m▀[38;2;255;255;255;48;2;255;255;255m▀[38;2;255;255;255;48;2;255;255;255m▀[38;2;255;255;255;48;2;255;255;255m▀[38;2;0;0;0;48;2;0;0;0m▀[38;2;0;0;0;48;2;0;0;0m▀[38;2;0;0;0;48;2;0;0;0m▀[38;2;0;0;0;48;2;0;0;0m▀[38;2;107;198;49;48;2;107;198;49m▀[38;2;107;198;49;48;2;107;198;49m▀[38;2;35;122;17;48;2;35;122;17m▀[38;2;35;122;17;48;2;35;122;17m▀[38;2;0;0;0;48;2;0;0;0m▀[38;2;0;0;0;48;2;0;0;0m▀[38;2;0;0;0;48;2;0;0;0m▀[38;2;0;0;0;48;2;0;0;0m▀[38;2;107;198;49;48;2;107;198;49m▀[38;2;107;198;49;48;2;107;198;49m▀[38;2;35;122;17;48;2;35;122;17m▀[38;2;35;122;17;48;2;35;122;17m▀[38;2;0;0;0;48;2;0;0;0m▀[38;2;0;0;0;48;2;0;0;0m▀[0m [0m [0m
[0m [0m [38;2;0;0;0;48;2;0;0;0m▀[38;2;0;0;0;48;2;0;0;0m▀[38;2;107;198;49;48;2;107;198;49m▀[38;2;107;198;49;48;2;107;198;49m▀[38;2;0;0;0;48;2;0;0;0m▀[38;2;0;0;0;48;2;0;0;0m▀[38;2;0;0;0;48;2;0;0;0m▀[38;2;0;0;0;48;2;0;0;0m▀[38;2;0;0;0;48;2;0;0;0m▀[38;2;0;0;0;48;2;0;0;0m▀[38;2;107;198;49;48;2;107;198;49m▀[38;2;107;198;49;48;2;107;198;49m▀[38;2;107;198;49;48;2;107;198;49m▀[38;2;107;198;49;48;2;107;198;49m▀[38;2;35;122;17;48;2;35;122;17m▀[38;2;35;122;17;48;2;35;122;17m▀[38;2;0;0;0;48;2;0;0;0m▀[38;2;0;0;0;48;2;0;0;0m▀[38;2;107;198;49;48;2;107;198;49m▀[38;2;107;198;49;48;2;107;198;49m▀[38;2;107;198;49;48;2;107;198;49m▀[38;2;107;198;49;48;2;107;198;49m▀[38;2;107;198;49;48;2;107;198;49m▀[38;2;107;198;49;48;2;107;198;49m▀[38;2;35;122;17;48;2;35;122;17m▀[38;2;35;122;17;48;2;35;122;17m▀[38;2;0;0;0;48;2;0;0;0m▀[38;2;0;0;0;48;2;0;0;0m▀[0m [0m [0m
[0m [0m [38;2;0;0;0;48;2;0;0;0m▀[38;2;0;0;0;48;2;0;0;0m▀[38;2;0;0;0;48;2;0;0;0m▀[38;2;0;0;0;48;2;0;0;0m▀[38;2;0;0;0;48;2;0;0;0m▀[38;2;0;0;0;48;2;0;0;0m▀[0m [0m [38;2;0;0;0;48;2;0;0;0m▀[38;2;0;0;0;48;2;0;0;0m▀[38;2;0;0;0;48;2;0;0;0m▀[38;2;0;0;0;48;2;0;0;0m▀[38;2;0;0;0;48;2;0;0;0m▀[38;2;0;0;0;48;2;0;0;0m▀[38;2;0;0;0;48;2;0;0;0m▀[38;2;0;0;0;48;2;0;0;0m▀[0m [0m [38;2;0;0;0;48;2;0;0;0m▀[38;2;0;0;0;48;2;0;0;0m▀[38;2;0;0;0;48;2;0;0;0m▀[38;2;0;0;0;48;2;0;0;0m▀[38;2;0;0;0;48;2;0;0;0m▀[38;2;0;0;0;48;2;0;0;0m▀[38;2;0;0;0;48;2;0;0;0m▀[38;2;0;0;0;48;2;0;0;0m▀[38;2;0;0;0;48;2;0;0;0m▀[38;2;0;0;0;48;2;0;0;0m▀[0m [0m [0m
