[0m [0m [0m [0m [0m [0m [0m [0m [0m [0m [0m [0m [0m [0m [0m [0m [0m [0m [0m [0m [0m [0m [0m [0m [0m [0m [0m [0m [0m [0m [0m [0m [0m
[0m [0m [0m [0m [0m [0m [0m [0m [0m [0m [0m [0m [0m [0m [0m [0m [0m [0m [0m [0m [0m [0m [0m [0m [0m [0m [0m [0m [0m [0m [0m [0m [0m
[0m [0m [0m [0m [0m [0m [0m [0m [0m [0m [0m [0m [0m [0m [0m [0m [0m [0m [0m [0m [0m [0m [0m [0m [0m [0m [0m [0m [0m [0m [0m [0m [0m
[0m [0m [0m [0m [0m [0m [0m [0m [0m [0m [0m [0m [0m [0m [0m [0m [0m [0m [0m [0m [0m [0m [0m [0m [0m [0m [0m [0m [0m [0m [0m [0m [0m
[0m [0m [0m [0m [0m [0m [0m [0m [0m [0m [0m [0m [0m [0m [0m [0m [0m [0m [0m [0m [0m [0m [0m [0m [0m [0m [0m [0m [0m [0m [0m [0m [0m
[0m [0m [0m [0m [38;2;0;0;0;48;2;0;0;0m▀[38;2;0;0;0;48;2;0;0;0m▀[38;2;0;0;0;48;2;0;0;0m▀[38;2;0;0;0;48;2;0;0;0m▀[0m [0m [0m [0m [0m [0m [0m [0m [0m [0m [0m [0m [0m [0m [38;2;0;0;0;48;2;0;0;0m▀[38;2;0;0;0;48;2;0;0;0m▀[38;2;0;0;0;48;2;0;0;0m▀[38;2;0;0;0;48;2;0;0;0m▀[0m [0m [0m [0m [0m [0m [0m
[0m [0m [0m [0m [38;2;0;0;0;48;2;0;0;0m▀[38;2;0;0;0;48;2;0;0;0m▀[38;2;66;66;66;48;2;66;66;66m▀[38;2;66;66;66;48;2;66;66;66m▀[38;2;0;0;0;48;2;0;0;0m▀[38;2;0;0;0;48;2;0;0;0m▀[38;2;0;0;0;48;2;0;0;0m▀[38;2;0;0;0;48;2;0;0;0m▀[38;2;0;0;0;48;2;0;0;0m▀[38;2;0;0;0;48;2;0;0;0m▀[38;2;0;0;0;48;2;0;0;0m▀[38;2;0;0;0;48;2;0;0;0m▀[38;2;0;0;0;48;2;0;0;0m▀[38;2;0;0;0;48;2;0;0;0m▀[38;2;0;0;0;48;2;0;0;0m▀[38;2;0;0;0;48;2;0;0;0m▀[38;2;0;0;0;48;2;0;0;0m▀[38;2;0;0;0;48;2;0;0;0m▀[38;2;66;66;66;48;2;66;66;66m▀[38;2;66;66;66;48;2;66;66;66m▀[38;2;0;0;0;48;2;0;0;0m▀[38;2;0;0;0;48;2;0;0;0m▀[0m [0m [0m [0m [0m [0m [0m
[38;2;0;0;0;48;2;0;0;0m▀[38;2;0;0;0;48;2;0;0;0m▀[38;2;0;0;0;48;2;0;0;0m▀[38;2;0;0;0;48;2;0;0;0m▀[38;2;0;0;0;48;2;0;0;0m▀[38;2;0;0;0;48;2;0;0;0m▀[38;2;66;66;66;48;2;66;66;66m▀[38;2;66;66;66;48;2;66;66;66m▀[38;2;115;119;120;48;2;115;119;120m▀[38;2;115;119;120;48;2;115;119;120m▀[38;2;0;0;0;48;2;0;0;0m▀[38;2;0;0;0;48;2;0;0;0m▀[38;2;130;81;25;48;2;130;81;25m▀[38;2;130;81;25;48;2;130;81;25m▀[38;2;100;59;10;48;2;100;59;10m▀[38;2;100;59;10;48;2;100;59;10m▀[38;2;0;0;0;48;2;0;0;0m▀[38;2;0;0;0;48;2;0;0;0m▀[38;2;66;66;66;48;2;66;66;66m▀[38;2;66;66;66;48;2;66;66;66m▀[38;2;66;66;66;48;2;66;66;66m▀[38;2;66;66;66;48;2;66;66;66m▀[38;2;42;42;42;48;2;42;42;42m▀[38;2;42;42;42;48;2;42;42;42m▀[38;2;0;0;0;48;2;0;0;0m▀[38;2;0;0;0;48;2;0;0;0m▀[38;2;0;0;0;48;2;0;0;0m▀[38;2;0;0;0;48;2;0;0;0m▀[38;2;0;0;0;48;2;0;0;0m▀[38;2;0;0;0;48;2;0;0;0m▀[0m [0m [0m
[38;2;0;0;0;48;2;0;0;0m▀[38;2;0;0;0;48;2;0;0;0m▀[38;2;226;171;121;48;2;226;171;121m▀[38;2;226;171;121;48;2;226;171;121m▀[38;2;0;0;0;48;2;0;0;0m▀[38;2;0;0;0;48;2;0;0;0m▀[38;2;0;0;0;48;2;0;0;0m▀[38;2;0;0;0;48;2;0;0;0m▀[38;2;66;66;66;48;2;66;66;66m▀[38;2;66;66;66;48;2;66;66;66m▀[38;2;115;119;120;48;2;115;119;120m▀[38;2;115;119;120;48;2;115;119;120m▀[38;2;0;0;0;48;2;0;0;0m▀[38;2;0;0;0;48;2;0;0;0m▀[38;2;0;0;0;48;2;0;0;0m▀[38;2;0;0;0;48;2;0;0;0m▀[38;2;66;66;66;48;2;66;66;66m▀[38;2;66;66;66;48;2;66;66;66m▀[38;2;42;42;42;48;2;42;42;42m▀[38;2;42;42;42;48;2;42;42;42m▀[38;2;42;42;42;48;2;42;42;42m▀[38;2;42;42;42;48;2;42;42;42m▀[38;2;0;0;0;48;2;0;0;0m▀[38;2;0;0;0;48;2;0;0;0m▀[38;2;233;207;174;48;2;233;207;174m▀[38;2;233;207;174;48;2;233;207;174m▀[38;2;233;207;174;48;2;233;207;174m▀[38;2;233;207;174;48;2;233;207;174m▀[38;2;226;171;121;48;2;226;171;121m▀[38;2;226;171;121;48;2;226;171;121m▀[38;2;0;0;0;48;2;0;0;0m▀[38;2;0;0;0;48;2;0;0;0m▀[0m
[38;2;0;0;0;48;2;0;0;0m▀[38;2;0;0;0;48;2;0;0;0m▀[38;2;0;0;0;48;2;0;0;0m▀[38;2;0;0;0;48;2;0;0;0m▀[38;2;0;0;0;48;2;0;0;0m▀[38;2;0;0;0;48;2;0;0;0m▀[38;2;0;0;0;48;2;0;0;0m▀[38;2;0;0;0;48;2;0;0;0m▀[38;2;0;0;0;48;2;0;0;0m▀[38;2;0;0;0;48;2;0;0;0m▀[38;2;66;66;66;48;2;66;66;66m▀[38;2;66;66;66;48;2;66;66;66m▀[38;2;115;119;120;48;2;115;119;120m▀[38;2;115;119;120;48;2;115;119;120m▀[38;2;66;66;66;48;2;66;66;66m▀[38;2;66;66;66;48;2;66;66;66m▀[38;2;42;42;42;48;2;42;42;42m▀[38;2;42;42;42;48;2;42;42;42m▀[38;2;0;0;0;48;2;0;0;0m▀[38;2;0;0;0;48;2;0;0;0m▀[38;2;0;0;0;48;2;0;0;0m▀[38;2;0;0;0;48;2;0;0;0m▀[38;2;0;0;0;48;2;0;0;0m▀[38;2;0;0;0;48;2;0;0;0m▀[38;2;233;207;174;48;2;233;207;174m▀[38;2;233;207;174;48;2;233;207;174m▀[38;2;0;0;0;48;2;0;0;0m▀[38;2;0;0;0;48;2;0;0;0m▀[38;2;0;0;0;48;2;0;0;0m▀[38;2;0;0;0;48;2;0;0;0m▀[38;2;0;0;0;48;2;0;0;0m▀[38;2;0;0;0;48;2;0;0;0m▀[0m
[38;2;0;0;0;48;2;0;0;0m▀[38;2;0;0;0;48;2;0;0;0m▀[38;2;226;171;121;48;2;226;171;121m▀[38;2;226;171;121;48;2;226;171;121m▀[38;2;0;0;0;48;2;0;0;0m▀[38;2;0;0;0;48;2;0;0;0m▀[38;2;0;0;0;48;2;0;0;0m▀[38;2;0;0;0;48;2;0;0;0m▀[38;2;255;255;255;48;2;255;255;255m▀[38;2;255;255;255;48;2;255;255;255m▀[38;2;0;0;0;48;2;0;0;0m▀[38;2;0;0;0;48;2;0;0;0m▀[38;2;66;66;66;48;2;66;66;66m▀[38;2;66;66;66;48;2;66;66;66m▀[38;2;42;42;42;48;2;42;42;42m▀[38;2;42;42;42;48;2;42;42;42m▀[38;2;0;0;0;48;2;0;0;0m▀[38;2;0;0;0;48;2;0;0;0m▀[38;2;255;255;255;48;2;255;255;255m▀[38;2;255;255;255;48;2;255;255;255m▀[38;2;0;0;0;48;2;0;0;0m▀[38;2;0;0;0;48;2;0;0;0m▀[38;2;0;0;0;48;2;0;0;0m▀[38;2;0;0;0;48;2;0;0;0m▀[38;2;233;207;174;48;2;233;207;174m▀[38;2;233;207;174;48;2;233;207;174m▀[38;2;233;207;174;48;2;233;207;174m▀[38;2;233;207;174;48;2;233;207;174m▀[38;2;226;171;121;48;2;226;171;121m▀[38;2;226;171;121;48;2;226;171;121m▀[38;2;0;0;0;48;2;0;0;0m▀[38;2;0;0;0;48;2;0;0;0m▀[0m
[0m [0m [38;2;0;0;0;48;2;0;0;0m▀[38;2;0;0;0;48;2;0;0;0m▀[38;2;0;0;0;48;2;0;0;0m▀[38;2;0;0;0;48;2;0;0;0m▀[38;2;0;0;0;48;2;0;0;0m▀[38;2;0;0;0;48;2;0;0;0m▀[38;2;0;0;0;48;2;0;0;0m▀[38;2;0;0;0;48;2;0;0;0m▀[38;2;0;0;0;48;2;0;0;0m▀[38;2;0;0;0;48;2;0;0;0m▀[38;2;66;66;66;48;2;66;66;66m▀[38;2;66;66;66;48;2;66;66;66m▀[38;2;42;42;42;48;2;42;42;42m▀[38;2;42;42;42;48;2;42;42;42m▀[38;2;0;0;0;48;2;0;0;0m▀[38;2;0;0;0;48;2;0;0;0m▀[38;2;0;0;0;48;2;0;0;0m▀[38;2;0;0;0;48;2;0;0;0m▀[38;2;0;0;0;48;2;0;0;0m▀[38;2;0;0;0;48;2;0;0;0m▀[38;2;233;207;174;48;2;233;207;174m▀[38;2;233;207;174;48;2;233;207;174m▀[38;2;233;207;174;48;2;233;207;174m▀[38;2;233;207;174;48;2;233;207;174m▀[38;2;0;0;0;48;2;0;0;0m▀[38;2;0;0;0;48;2;0;0;0m▀[38;2;0;0;0;48;2;0;0;0m▀[38;2;0;0;0;48;2;0;0;0m▀[0m [0m [0m
[38;2;0;0;0;48;2;0;0;0m▀[38;2;0;0;0;48;2;0;0;0m▀[38;2;226;171;121;48;2;226;171;121m▀[38;2;226;171;121;48;2;226;171;121m▀[38;2;0;0;0;48;2;0;0;0m▀[38;2;0;0;0;48;2;0;0;0m▀[38;2;130;81;25;48;2;130;81;25m▀[38;2;130;81;25;48;2;130;81;25m▀[38;2;233;207;174;48;2;233;207;174m▀[38;2;233;207;174;48;2;233;207;174m▀[38;2;0;0;0;48;2;0;0;0m▀[38;2;0;0;0;48;2;0;0;0m▀[38;2;66;66;66;48;2;66;66;66m▀[38;2;66;66;66;48;2;66;66;66m▀[38;2;0;0;0;48;2;0;0;0m▀[38;2;0;0;0;48;2;0;0;0m▀[38;2;226;171;121;48;2;226;171;121m▀[38;2;226;171;121;48;2;226;171;121m▀[38;2;233;207;174;48;2;233;207;174m▀[38;2;233;207;174;48;2;233;207;174m▀[38;2;233;207;174;48;2;233;207;174m▀[38;2;233;207;174;48;2;233;207;174m▀[38;2;130;81;25;48;2;130;81;25m▀[38;2;130;81;25;48;2;130;81;25m▀[38;2;233;207;174;48;2;233;207;174m▀[38;2;233;207;174;48;2;233;207;174m▀[38;2;233;207;174;48;2;233;207;174m▀[38;2;233;207;174;48;2;233;207;174m▀[38;2;226;171;121;48;2;226;171;121m▀[38;2;226;171;121;48;2;226;171;121m▀[38;2;0;0;0;48;2;0;0;0m▀[38;2;0;0;0;48;2;0;0;0m▀[0m
[0m [0m [38;2;0;0;0;48;2;0;0;0m▀[38;2;0;0;0;48;2;0;0;0m▀[38;2;0;0;0;48;2;0;0;0m▀[38;2;0;0;0;48;2;0;0;0m▀[38;2;233;207;174;48;2;233;207;174m▀[38;2;233;207;174;48;2;233;207;174m▀[38;2;233;207;174;48;2;233;207;174m▀[38;2;233;207;174;48;2;233;207;174m▀[38;2;233;207;174;48;2;233;207;174m▀[38;2;233;207;174;48;2;233;207;174m▀[38;2;0;0;0;48;2;0;0;0m▀[38;2;0;0;0;48;2;0;0;0m▀[38;2;226;171;121;48;2;226;171;121m▀[38;2;226;171;121;48;2;226;171;121m▀[38;2;233;207;174;48;2;233;207;174m▀[38;2;233;207;174;48;2;233;207;174m▀[38;2;233;207;174;48;2;233;207;174m▀[38;2;233;207;174;48;2;233;207;174m▀[38;2;233;207;174;48;2;233;207;174m▀[38;2;233;207;174;48;2;233;207;174m▀[38;2;233;207;174;48;2;233;207;174m▀[38;2;233;207;174;48;2;233;207;174m▀[38;2;0;0;0;48;2;0;0;0m▀[38;2;0;0;0;48;2;0;0;0m▀[38;2;0;0;0;48;2;0;0;0m▀[38;2;0;0;0;48;2;0;0;0m▀[38;2;0;0;0;48;2;0;0;0m▀[38;2;0;0;0;48;2;0;0;0m▀[0m [0m [0m
[0m [0m [0m [0m [38;2;0;0;0;48;2;0;0;0m▀[38;2;0;0;0;48;2;0;0;0m▀[38;2;130;81;25;48;2;130;81;25m▀[38;2;130;81;25;48;2;130;81;25m▀[38;2;233;207;174;48;2;233;207;174m▀[38;2;233;207;174;48;2;233;207;174m▀[38;2;233;207;174;48;2;233;207;174m▀[38;2;233;207;174;48;2;233;207;174m▀[38;2;233;207;174;48;2;233;207;174m▀[38;2;233;207;174;48;2;233;207;174m▀[38;2;233;207;174;48;2;233;207;174m▀[38;2;233;207;174;48;2;233;207;174m▀[38;2;233;207;174;48;2;233;207;174m▀[38;2;233;207;174;48;2;233;207;174m▀[38;2;233;207;174;48;2;233;207;174m▀[38;2;233;207;174;48;2;233;207;174m▀[38;2;130;81;25;48;2;130;81;25m▀[38;2;130;81;25;48;2;130;81;25m▀[38;2;100;59;10;48;2;100;59;10m▀[38;2;100;59;10;48;2;100;59;10m▀[38;2;100;59;10;48;2;100;59;10m▀[38;2;100;59;10;48;2;100;59;10m▀[38;2;0;0;0;48;2;0;0;0m▀[38;2;0;0;0;48;2;0;0;0m▀[0m [0m [0m [0m [0m
[0m [0m [0m [0m [0m [0m [38;2;0;0;0;48;2;0;0;0m▀[38;2;0;0;0;48;2;0;0;0m▀[38;2;0;0;0;48;2;0;0;0m▀[38;2;0;0;0;48;2;0;0;0m▀[38;2;0;0;0;48;2;0;0;0m▀[38;2;0;0;0;48;2;0;0;0m▀[38;2;0;0;0;48;2;0;0;0m▀[38;2;0;0;0;48;2;0;0;0m▀[38;2;0;0;0;48;2;0;0;0m▀[38;2;0;0;0;48;2;0;0;0m▀[38;2;0;0;0;48;2;0;0;0m▀[38;2;0;0;0;48;2;0;0;0m▀[38;2;0;0;0;48;2;0;0;0m▀[38;2;0;0;0;48;2;0;0;0m▀[38;2;0;0;0;48;2;0;0;0m▀[38;2;0;0;0;48;2;0;0;0m▀[38;2;0;0;0;48;2;0;0;0m▀[38;2;0;0;0;48;2;0;0;0m▀[38;2;0;0;0;48;2;0;0;0m▀[38;2;0;0;0;48;2;0;0;0m▀[0m [0m [0m [0m [0m [0m [0m
