[0m [0m [0m [0m [0m [0m [0m [0m [0m [0m [0m [0m [0m [0m [0m [0m [0m [0m [0m [0m [0m [0m [0m [0m [0m [0m [0m [0m [0m [0m [0m [0m [0m
[0m [0m [0m [0m [0m [0m [0m [0m [0m [0m [0m [0m [0m [0m [0m [0m [0m [0m [0m [0m [0m [0m [0m [0m [0m [0m [0m [0m [0m [0m [0m [0m [0m
[0m [0m [0m [0m [0m [0m [0m [0m [0m [0m [0m [0m [0m [0m [0m [0m [0m [0m [38;2;0;0;0;48;2;0;0;0m▀[38;2;0;0;0;48;2;0;0;0m▀[38;2;0;0;0;48;2;0;0;0m▀[38;2;0;0;0;48;2;0;0;0m▀[38;2;0;0;0;48;2;0;0;0m▀[38;2;0;0;0;48;2;0;0;0m▀[38;2;0;0;0;48;2;0;0;0m▀[38;2;0;0;0;48;2;0;0;0m▀[0m [0m [0m [0m [0m [0m [0m
[0m [0m [0m [0m [0m [0m [0m [0m [0m [0m [38;2;0;0;0;48;2;0;0;0m▀[38;2;0;0;0;48;2;0;0;0m▀[38;2;0;0;0;48;2;0;0;0m▀[38;2;0;0;0;48;2;0;0;0m▀[38;2;0;0;0;48;2;0;0;0m▀[38;2;0;0;0;48;2;0;0;0m▀[38;2;0;0;0;48;2;0;0;0m▀[38;2;0;0;0;48;2;0;0;0m▀[38;2;238;221;100;48;2;238;221;100m▀[38;2;238;221;100;48;2;238;221;100m▀[38;2;0;0;0;48;2;0;0;0m▀[38;2;0;0;0;48;2;0;0;0m▀[38;2;231;129;165;48;2;231;129;165m▀[38;2;231;129;165;48;2;231;129;165m▀[38;2;0;0;0;48;2;0;0;0m▀[38;2;0;0;0;48;2;0;0;0m▀[0m [0m [0m [0m [0m [0m [0m
[0m [0m [0m [0m [0m [0m [0m [0m [38;2;0;0;0;48;2;0;0;0m▀[38;2;0;0;0;48;2;0;0;0m▀[38;2;238;221;100;48;2;238;221;100m▀[38;2;238;221;100;48;2;238;221;100m▀[38;2;238;221;100;48;2;238;221;100m▀[38;2;238;221;100;48;2;238;221;100m▀[38;2;208;189;48;48;2;208;189;48m▀[38;2;208;189;48;48;2;208;189;48m▀[38;2;208;189;48;48;2;208;189;48m▀[38;2;208;189;48;48;2;208;189;48m▀[38;2;208;189;48;48;2;208;189;48m▀[38;2;208;189;48;48;2;208;189;48m▀[38;2;231;129;165;48;2;231;129;165m▀[38;2;231;129;165;48;2;231;129;165m▀[38;2;0;0;0;48;2;0;0;0m▀[38;2;0;0;0;48;2;0;0;0m▀[0m [0m [0m [0m [0m [0m [0m [0m [0m
[0m [0m [0m [0m [0m [0m [38;2;0;0;0;48;2;0;0;0m▀[38;2;0;0;0;48;2;0;0;0m▀[38;2;238;221;100;48;2;238;221;100m▀[38;2;238;221;100;48;2;238;221;100m▀[38;2;208;189;48;48;2;208;189;48m▀[38;2;208;189;48;48;2;208;189;48m▀[38;2;208;189;48;48;2;208;189;48m▀[38;2;208;189;48;48;2;208;189;48m▀[38;2;61;101;212;48;2;61;101;212m▀[38;2;61;101;212;48;2;61;101;212m▀[38;2;61;101;212;48;2;61;101;212m▀[38;2;61;101;212;48;2;61;101;212m▀[38;2;208;189;48;48;2;208;189;48m▀[38;2;208;189;48;48;2;208;189;48m▀[38;2;0;0;0;48;2;0;0;0m▀[38;2;0;0;0;48;2;0;0;0m▀[0m [0m [0m [0m [0m [0m [38;2;115;214;255;48;2;115;214;255m▀[38;2;115;214;255;48;2;115;214;255m▀[38;2;45;145;231;48;2;45;145;231m▀[38;2;45;145;231;48;2;45;145;231m▀[0m
[0m [0m [0m [0m [38;2;0;0;0;48;2;0;0;0m▀[38;2;0;0;0;48;2;0;0;0m▀[38;2;208;189;48;48;2;208;189;48m▀[38;2;208;189;48;48;2;208;189;48m▀[38;2;214;41;77;48;2;214;41;77m▀[38;2;214;41;77;48;2;214;41;77m▀[38;2;208;189;48;48;2;208;189;48m▀[38;2;208;189;48;48;2;208;189;48m▀[38;2;61;101;212;48;2;61;101;212m▀[38;2;61;101;212;48;2;61;101;212m▀[38;2;115;214;255;48;2;115;214;255m▀[38;2;115;214;255;48;2;115;214;255m▀[38;2;82;148;198;48;2;82;148;198m▀[38;2;82;148;198;48;2;82;148;198m▀[38;2;184;156;48;48;2;184;156;48m▀[38;2;184;156;48;48;2;184;156;48m▀[38;2;0;0;0;48;2;0;0;0m▀[38;2;0;0;0;48;2;0;0;0m▀[0m [0m [0m [0m [0m [0m [38;2;61;101;212;48;2;61;101;212m▀[38;2;61;101;212;48;2;61;101;212m▀[38;2;61;101;212;48;2;61;101;212m▀[38;2;61;101;212;48;2;61;101;212m▀[0m
[0m [0m [0m [0m [38;2;0;0;0;48;2;0;0;0m▀[38;2;0;0;0;48;2;0;0;0m▀[38;2;208;189;48;48;2;208;189;48m▀[38;2;208;189;48;48;2;208;189;48m▀[38;2;208;189;48;48;2;208;189;48m▀[38;2;208;189;48;48;2;208;189;48m▀[38;2;208;189;48;48;2;208;189;48m▀[38;2;208;189;48;48;2;208;189;48m▀[38;2;184;156;48;48;2;184;156;48m▀[38;2;184;156;48;48;2;184;156;48m▀[38;2;184;156;48;48;2;184;156;48m▀[38;2;184;156;48;48;2;184;156;48m▀[38;2;184;156;48;48;2;184;156;48m▀[38;2;184;156;48;48;2;184;156;48m▀[38;2;0;0;0;48;2;0;0;0m▀[38;2;0;0;0;48;2;0;0;0m▀[38;2;0;0;0;48;2;0;0;0m▀[38;2;0;0;0;48;2;0;0;0m▀[38;2;0;0;0;48;2;0;0;0m▀[38;2;0;0;0;48;2;0;0;0m▀[0m [0m [0m [0m [38;2;0;0;0;48;2;0;0;0m▀[38;2;0;0;0;48;2;0;0;0m▀[0m [0m [0m
[0m [0m [0m [0m [0m [0m [38;2;0;0;0;48;2;0;0;0m▀[38;2;0;0;0;48;2;0;0;0m▀[38;2;0;0;0;48;2;0;0;0m▀[38;2;0;0;0;48;2;0;0;0m▀[38;2;0;0;0;48;2;0;0;0m▀[38;2;0;0;0;48;2;0;0;0m▀[38;2;0;0;0;48;2;0;0;0m▀[38;2;0;0;0;48;2;0;0;0m▀[38;2;0;0;0;48;2;0;0;0m▀[38;2;0;0;0;48;2;0;0;0m▀[38;2;0;0;0;48;2;0;0;0m▀[38;2;0;0;0;48;2;0;0;0m▀[38;2;0;0;0;48;2;0;0;0m▀[38;2;0;0;0;48;2;0;0;0m▀[38;2;115;214;255;48;2;115;214;255m▀[38;2;115;214;255;48;2;115;214;255m▀[38;2;82;148;198;48;2;82;148;198m▀[38;2;82;148;198;48;2;82;148;198m▀[38;2;0;0;0;48;2;0;0;0m▀[38;2;0;0;0;48;2;0;0;0m▀[38;2;0;0;0;48;2;0;0;0m▀[38;2;0;0;0;48;2;0;0;0m▀[0m [0m [0m [0m [0m
[0m [0m [0m [0m [0m [0m [38;2;0;0;0;48;2;0;0;0m▀[38;2;0;0;0;48;2;0;0;0m▀[38;2;255;231;189;48;2;255;231;189m▀[38;2;255;231;189;48;2;255;231;189m▀[38;2;255;231;189;48;2;255;231;189m▀[38;2;255;231;189;48;2;255;231;189m▀[38;2;239;214;132;48;2;239;214;132m▀[38;2;239;214;132;48;2;239;214;132m▀[38;2;0;0;0;48;2;0;0;0m▀[38;2;0;0;0;48;2;0;0;0m▀[38;2;0;0;0;48;2;0;0;0m▀[38;2;0;0;0;48;2;0;0;0m▀[38;2;115;214;255;48;2;115;214;255m▀[38;2;115;214;255;48;2;115;214;255m▀[38;2;0;0;0;48;2;0;0;0m▀[38;2;0;0;0;48;2;0;0;0m▀[38;2;0;0;0;48;2;0;0;0m▀[38;2;0;0;0;48;2;0;0;0m▀[0m [0m [0m [0m [0m [0m [0m [0m [0m
[0m [0m [0m [0m [0m [0m [0m [0m [38;2;0;0;0;48;2;0;0;0m▀[38;2;0;0;0;48;2;0;0;0m▀[38;2;0;0;0;48;2;0;0;0m▀[38;2;0;0;0;48;2;0;0;0m▀[38;2;0;0;0;48;2;0;0;0m▀[38;2;0;0;0;48;2;0;0;0m▀[38;2;255;231;189;48;2;255;231;189m▀[38;2;255;231;189;48;2;255;231;189m▀[38;2;0;0;0;48;2;0;0;0m▀[38;2;0;0;0;48;2;0;0;0m▀[38;2;0;0;0;48;2;0;0;0m▀[38;2;0;0;0;48;2;0;0;0m▀[38;2;255;255;255;48;2;255;255;255m▀[38;2;255;255;255;48;2;255;255;255m▀[38;2;206;206;206;48;2;206;206;206m▀[38;2;206;206;206;48;2;206;206;206m▀[38;2;0;0;0;48;2;0;0;0m▀[38;2;0;0;0;48;2;0;0;0m▀[0m [0m [0m [0m [0m [0m [0m
[0m [0m [0m [0m [0m [0m [0m [0m [38;2;0;0;0;48;2;0;0;0m▀[38;2;0;0;0;48;2;0;0;0m▀[38;2;206;206;206;48;2;206;206;206m▀[38;2;206;206;206;48;2;206;206;206m▀[38;2;255;255;255;48;2;255;255;255m▀[38;2;255;255;255;48;2;255;255;255m▀[38;2;206;206;206;48;2;206;206;206m▀[38;2;206;206;206;48;2;206;206;206m▀[38;2;0;0;0;48;2;0;0;0m▀[38;2;0;0;0;48;2;0;0;0m▀[38;2;255;255;255;48;2;255;255;255m▀[38;2;255;255;255;48;2;255;255;255m▀[38;2;115;214;255;48;2;115;214;255m▀[38;2;115;214;255;48;2;115;214;255m▀[38;2;238;221;100;48;2;238;221;100m▀[38;2;238;221;100;48;2;238;221;100m▀[38;2;206;206;206;48;2;206;206;206m▀[38;2;206;206;206;48;2;206;206;206m▀[38;2;0;0;0;48;2;0;0;0m▀[38;2;0;0;0;48;2;0;0;0m▀[0m [0m [0m [0m [0m
[0m [0m [0m [0m [0m [0m [38;2;0;0;0;48;2;0;0;0m▀[38;2;0;0;0;48;2;0;0;0m▀[38;2;255;231;189;48;2;255;231;189m▀[38;2;255;231;189;48;2;255;231;189m▀[38;2;0;0;0;48;2;0;0;0m▀[38;2;0;0;0;48;2;0;0;0m▀[38;2;214;41;77;48;2;214;41;77m▀[38;2;214;41;77;48;2;214;41;77m▀[38;2;0;0;0;48;2;0;0;0m▀[38;2;0;0;0;48;2;0;0;0m▀[38;2;0;0;0;48;2;0;0;0m▀[38;2;0;0;0;48;2;0;0;0m▀[38;2;206;206;206;48;2;206;206;206m▀[38;2;206;206;206;48;2;206;206;206m▀[38;2;238;221;100;48;2;238;221;100m▀[38;2;238;221;100;48;2;238;221;100m▀[38;2;82;148;198;48;2;82;148;198m▀[38;2;82;148;198;48;2;82;148;198m▀[38;2;152;152;152;48;2;152;152;152m▀[38;2;152;152;152;48;2;152;152;152m▀[38;2;0;0;0;48;2;0;0;0m▀[38;2;0;0;0;48;2;0;0;0m▀[0m [0m [0m [0m [0m
[0m [0m [0m [0m [0m [0m [0m [0m [38;2;0;0;0;48;2;0;0;0m▀[38;2;0;0;0;48;2;0;0;0m▀[38;2;239;214;132;48;2;239;214;132m▀[38;2;239;214;132;48;2;239;214;132m▀[38;2;0;0;0;48;2;0;0;0m▀[38;2;0;0;0;48;2;0;0;0m▀[38;2;239;214;132;48;2;239;214;132m▀[38;2;239;214;132;48;2;239;214;132m▀[38;2;0;0;0;48;2;0;0;0m▀[38;2;0;0;0;48;2;0;0;0m▀[38;2;0;0;0;48;2;0;0;0m▀[38;2;0;0;0;48;2;0;0;0m▀[38;2;206;206;206;48;2;206;206;206m▀[38;2;206;206;206;48;2;206;206;206m▀[38;2;152;152;152;48;2;152;152;152m▀[38;2;152;152;152;48;2;152;152;152m▀[38;2;0;0;0;48;2;0;0;0m▀[38;2;0;0;0;48;2;0;0;0m▀[0m [0m [0m [0m [0m [0m [0m
[0m [0m [0m [0m [0m [0m [38;2;0;0;0;48;2;0;0;0m▀[38;2;0;0;0;48;2;0;0;0m▀[38;2;184;156;48;48;2;184;156;48m▀[38;2;184;156;48;48;2;184;156;48m▀[38;2;0;0;0;48;2;0;0;0m▀[38;2;0;0;0;48;2;0;0;0m▀[38;2;0;0;0;48;2;0;0;0m▀[38;2;0;0;0;48;2;0;0;0m▀[38;2;0;0;0;48;2;0;0;0m▀[38;2;0;0;0;48;2;0;0;0m▀[38;2;184;156;48;48;2;184;156;48m▀[38;2;184;156;48;48;2;184;156;48m▀[38;2;0;0;0;48;2;0;0;0m▀[38;2;0;0;0;48;2;0;0;0m▀[38;2;0;0;0;48;2;0;0;0m▀[38;2;0;0;0;48;2;0;0;0m▀[38;2;0;0;0;48;2;0;0;0m▀[38;2;0;0;0;48;2;0;0;0m▀[0m [0m [0m [0m [0m [0m [0m [0m [0m
[0m [0m [0m [0m [0m [0m [38;2;0;0;0;48;2;0;0;0m▀[38;2;0;0;0;48;2;0;0;0m▀[38;2;0;0;0;48;2;0;0;0m▀[38;2;0;0;0;48;2;0;0;0m▀[38;2;0;0;0;48;2;0;0;0m▀[38;2;0;0;0;48;2;0;0;0m▀[0m [0m [0m [0m [38;2;0;0;0;48;2;0;0;0m▀[38;2;0;0;0;48;2;0;0;0m▀[38;2;0;0;0;48;2;0;0;0m▀[38;2;0;0;0;48;2;0;0;0m▀[0m [0m [0m [0m [0m [0m [0m [0m [0m [0m [0m [0m [0m
