[0m [0m [0m [0m [0m [0m [0m [0m [0m [0m [0m [0m [0m [0m [0m [0m [0m [0m [0m [0m [0m [0m [0m [0m [0m [0m [0m [0m [0m [0m [0m [0m [0m
[0m [0m [0m [0m [0m [0m [0m [0m [0m [0m [0m [0m [0m [0m [0m [0m [0m [0m [0m [0m [0m [0m [0m [0m [0m [0m [0m [0m [0m [0m [0m [0m [0m
[0m [0m [0m [0m [0m [0m [0m [0m [0m [0m [0m [0m [0m [0m [0m [0m [0m [0m [0m [0m [0m [0m [0m [0m [0m [0m [0m [0m [0m [0m [0m [0m [0m
[0m [0m [0m [0m [0m [0m [0m [0m [38;2;0;0;0;48;2;0;0;0m▀[38;2;0;0;0;48;2;0;0;0m▀[38;2;0;0;0;48;2;0;0;0m▀[38;2;0;0;0;48;2;0;0;0m▀[38;2;0;0;0;48;2;0;0;0m▀[38;2;0;0;0;48;2;0;0;0m▀[38;2;0;0;0;48;2;0;0;0m▀[38;2;0;0;0;48;2;0;0;0m▀[38;2;0;0;0;48;2;0;0;0m▀[38;2;0;0;0;48;2;0;0;0m▀[0m [0m [38;2;0;0;0;48;2;0;0;0m▀[38;2;0;0;0;48;2;0;0;0m▀[38;2;0;0;0;48;2;0;0;0m▀[38;2;0;0;0;48;2;0;0;0m▀[38;2;0;0;0;48;2;0;0;0m▀[38;2;0;0;0;48;2;0;0;0m▀[38;2;0;0;0;48;2;0;0;0m▀[38;2;0;0;0;48;2;0;0;0m▀[38;2;0;0;0;48;2;0;0;0m▀[38;2;0;0;0;48;2;0;0;0m▀[0m [0m [0m
[0m [0m [0m [0m [0m [0m [38;2;0;0;0;48;2;0;0;0m▀[38;2;0;0;0;48;2;0;0;0m▀[38;2;255;112;112;48;2;255;112;112m▀[38;2;255;112;112;48;2;255;112;112m▀[38;2;255;48;48;48;2;255;48;48m▀[38;2;255;48;48;48;2;255;48;48m▀[38;2;206;16;16;48;2;206;16;16m▀[38;2;206;16;16;48;2;206;16;16m▀[38;2;0;0;0;48;2;0;0;0m▀[38;2;0;0;0;48;2;0;0;0m▀[0m [0m [38;2;0;0;0;48;2;0;0;0m▀[38;2;0;0;0;48;2;0;0;0m▀[38;2;255;112;112;48;2;255;112;112m▀[38;2;255;112;112;48;2;255;112;112m▀[38;2;255;48;48;48;2;255;48;48m▀[38;2;255;48;48;48;2;255;48;48m▀[38;2;206;16;16;48;2;206;16;16m▀[38;2;206;16;16;48;2;206;16;16m▀[38;2;0;0;0;48;2;0;0;0m▀[38;2;0;0;0;48;2;0;0;0m▀[0m [0m [0m [0m [0m
[0m [0m [0m [0m [0m [0m [38;2;0;0;0;48;2;0;0;0m▀[38;2;0;0;0;48;2;0;0;0m▀[38;2;255;112;112;48;2;255;112;112m▀[38;2;255;112;112;48;2;255;112;112m▀[38;2;206;16;16;48;2;206;16;16m▀[38;2;206;16;16;48;2;206;16;16m▀[38;2;0;0;0;48;2;0;0;0m▀[38;2;0;0;0;48;2;0;0;0m▀[0m [0m [0m [0m [38;2;0;0;0;48;2;0;0;0m▀[38;2;0;0;0;48;2;0;0;0m▀[38;2;255;112;112;48;2;255;112;112m▀[38;2;255;112;112;48;2;255;112;112m▀[38;2;206;16;16;48;2;206;16;16m▀[38;2;206;16;16;48;2;206;16;16m▀[38;2;0;0;0;48;2;0;0;0m▀[38;2;0;0;0;48;2;0;0;0m▀[0m [0m [0m [0m [0m [0m [0m
[0m [0m [0m [0m [0m [0m [38;2;0;0;0;48;2;0;0;0m▀[38;2;0;0;0;48;2;0;0;0m▀[38;2;0;0;0;48;2;0;0;0m▀[38;2;0;0;0;48;2;0;0;0m▀[38;2;0;0;0;48;2;0;0;0m▀[38;2;0;0;0;48;2;0;0;0m▀[38;2;0;0;0;48;2;0;0;0m▀[38;2;0;0;0;48;2;0;0;0m▀[38;2;0;0;0;48;2;0;0;0m▀[38;2;0;0;0;48;2;0;0;0m▀[38;2;0;0;0;48;2;0;0;0m▀[38;2;0;0;0;48;2;0;0;0m▀[38;2;255;112;112;48;2;255;112;112m▀[38;2;255;112;112;48;2;255;112;112m▀[38;2;255;48;48;48;2;255;48;48m▀[38;2;255;48;48;48;2;255;48;48m▀[38;2;0;0;0;48;2;0;0;0m▀[38;2;0;0;0;48;2;0;0;0m▀[0m [0m [0m [0m [0m [0m [0m [0m [0m
[0m [0m [0m [0m [0m [0m [38;2;0;0;0;48;2;0;0;0m▀[38;2;0;0;0;48;2;0;0;0m▀[38;2;255;112;112;48;2;255;112;112m▀[38;2;255;112;112;48;2;255;112;112m▀[38;2;255;112;112;48;2;255;112;112m▀[38;2;255;112;112;48;2;255;112;112m▀[38;2;255;112;112;48;2;255;112;112m▀[38;2;255;112;112;48;2;255;112;112m▀[38;2;255;112;112;48;2;255;112;112m▀[38;2;255;112;112;48;2;255;112;112m▀[38;2;255;112;112;48;2;255;112;112m▀[38;2;255;112;112;48;2;255;112;112m▀[38;2;255;48;48;48;2;255;48;48m▀[38;2;255;48;48;48;2;255;48;48m▀[38;2;206;16;16;48;2;206;16;16m▀[38;2;206;16;16;48;2;206;16;16m▀[38;2;0;0;0;48;2;0;0;0m▀[38;2;0;0;0;48;2;0;0;0m▀[0m [0m [0m [0m [0m [0m [0m [0m [0m
[0m [0m [0m [0m [38;2;0;0;0;48;2;0;0;0m▀[38;2;0;0;0;48;2;0;0;0m▀[38;2;255;112;112;48;2;255;112;112m▀[38;2;255;112;112;48;2;255;112;112m▀[38;2;0;0;0;48;2;0;0;0m▀[38;2;0;0;0;48;2;0;0;0m▀[38;2;255;48;48;48;2;255;48;48m▀[38;2;255;48;48;48;2;255;48;48m▀[38;2;255;48;48;48;2;255;48;48m▀[38;2;255;48;48;48;2;255;48;48m▀[38;2;255;48;48;48;2;255;48;48m▀[38;2;255;48;48;48;2;255;48;48m▀[38;2;0;0;0;48;2;0;0;0m▀[38;2;0;0;0;48;2;0;0;0m▀[38;2;255;48;48;48;2;255;48;48m▀[38;2;255;48;48;48;2;255;48;48m▀[38;2;255;48;48;48;2;255;48;48m▀[38;2;255;48;48;48;2;255;48;48m▀[38;2;206;16;16;48;2;206;16;16m▀[38;2;206;16;16;48;2;206;16;16m▀[38;2;0;0;0;48;2;0;0;0m▀[38;2;0;0;0;48;2;0;0;0m▀[0m [0m [0m [0m [0m [0m [0m
[0m [0m [0m [0m [38;2;0;0;0;48;2;0;0;0m▀[38;2;0;0;0;48;2;0;0;0m▀[38;2;255;112;112;48;2;255;112;112m▀[38;2;255;112;112;48;2;255;112;112m▀[38;2;0;0;0;48;2;0;0;0m▀[38;2;0;0;0;48;2;0;0;0m▀[38;2;255;48;48;48;2;255;48;48m▀[38;2;255;48;48;48;2;255;48;48m▀[38;2;255;48;48;48;2;255;48;48m▀[38;2;255;48;48;48;2;255;48;48m▀[38;2;255;48;48;48;2;255;48;48m▀[38;2;255;48;48;48;2;255;48;48m▀[38;2;0;0;0;48;2;0;0;0m▀[38;2;0;0;0;48;2;0;0;0m▀[38;2;255;48;48;48;2;255;48;48m▀[38;2;255;48;48;48;2;255;48;48m▀[38;2;255;48;48;48;2;255;48;48m▀[38;2;255;48;48;48;2;255;48;48m▀[38;2;206;16;16;48;2;206;16;16m▀[38;2;206;16;16;48;2;206;16;16m▀[38;2;0;0;0;48;2;0;0;0m▀[38;2;0;0;0;48;2;0;0;0m▀[0m [0m [0m [0m [0m [0m [0m
[0m [0m [0m [0m [38;2;0;0;0;48;2;0;0;0m▀[38;2;0;0;0;48;2;0;0;0m▀[38;2;255;112;112;48;2;255;112;112m▀[38;2;255;112;112;48;2;255;112;112m▀[38;2;255;48;48;48;2;255;48;48m▀[38;2;255;48;48;48;2;255;48;48m▀[38;2;255;48;48;48;2;255;48;48m▀[38;2;255;48;48;48;2;255;48;48m▀[38;2;0;0;0;48;2;0;0;0m▀[38;2;0;0;0;48;2;0;0;0m▀[38;2;255;48;48;48;2;255;48;48m▀[38;2;255;48;48;48;2;255;48;48m▀[38;2;255;48;48;48;2;255;48;48m▀[38;2;255;48;48;48;2;255;48;48m▀[38;2;255;48;48;48;2;255;48;48m▀[38;2;255;48;48;48;2;255;48;48m▀[38;2;255;48;48;48;2;255;48;48m▀[38;2;255;48;48;48;2;255;48;48m▀[38;2;206;16;16;48;2;206;16;16m▀[38;2;206;16;16;48;2;206;16;16m▀[38;2;0;0;0;48;2;0;0;0m▀[38;2;0;0;0;48;2;0;0;0m▀[0m [0m [0m [0m [0m [0m [0m
[0m [0m [0m [0m [38;2;0;0;0;48;2;0;0;0m▀[38;2;0;0;0;48;2;0;0;0m▀[38;2;255;112;112;48;2;255;112;112m▀[38;2;255;112;112;48;2;255;112;112m▀[38;2;255;48;48;48;2;255;48;48m▀[38;2;255;48;48;48;2;255;48;48m▀[38;2;0;0;0;48;2;0;0;0m▀[38;2;0;0;0;48;2;0;0;0m▀[38;2;255;48;48;48;2;255;48;48m▀[38;2;255;48;48;48;2;255;48;48m▀[38;2;0;0;0;48;2;0;0;0m▀[38;2;0;0;0;48;2;0;0;0m▀[38;2;255;48;48;48;2;255;48;48m▀[38;2;255;48;48;48;2;255;48;48m▀[38;2;255;48;48;48;2;255;48;48m▀[38;2;255;48;48;48;2;255;48;48m▀[38;2;206;16;16;48;2;206;16;16m▀[38;2;206;16;16;48;2;206;16;16m▀[38;2;206;16;16;48;2;206;16;16m▀[38;2;206;16;16;48;2;206;16;16m▀[38;2;0;0;0;48;2;0;0;0m▀[38;2;0;0;0;48;2;0;0;0m▀[0m [0m [0m [0m [0m [0m [0m
[0m [0m [0m [0m [0m [0m [38;2;0;0;0;48;2;0;0;0m▀[38;2;0;0;0;48;2;0;0;0m▀[38;2;255;48;48;48;2;255;48;48m▀[38;2;255;48;48;48;2;255;48;48m▀[38;2;255;48;48;48;2;255;48;48m▀[38;2;255;48;48;48;2;255;48;48m▀[38;2;255;48;48;48;2;255;48;48m▀[38;2;255;48;48;48;2;255;48;48m▀[38;2;255;48;48;48;2;255;48;48m▀[38;2;255;48;48;48;2;255;48;48m▀[38;2;255;48;48;48;2;255;48;48m▀[38;2;255;48;48;48;2;255;48;48m▀[38;2;206;16;16;48;2;206;16;16m▀[38;2;206;16;16;48;2;206;16;16m▀[38;2;206;16;16;48;2;206;16;16m▀[38;2;206;16;16;48;2;206;16;16m▀[38;2;0;0;0;48;2;0;0;0m▀[38;2;0;0;0;48;2;0;0;0m▀[0m [0m [0m [0m [0m [0m [0m [0m [0m
[0m [0m [0m [0m [0m [0m [0m [0m [38;2;0;0;0;48;2;0;0;0m▀[38;2;0;0;0;48;2;0;0;0m▀[38;2;0;0;0;48;2;0;0;0m▀[38;2;0;0;0;48;2;0;0;0m▀[38;2;0;0;0;48;2;0;0;0m▀[38;2;0;0;0;48;2;0;0;0m▀[38;2;0;0;0;48;2;0;0;0m▀[38;2;0;0;0;48;2;0;0;0m▀[38;2;0;0;0;48;2;0;0;0m▀[38;2;0;0;0;48;2;0;0;0m▀[38;2;0;0;0;48;2;0;0;0m▀[38;2;0;0;0;48;2;0;0;0m▀[38;2;0;0;0;48;2;0;0;0m▀[38;2;0;0;0;48;2;0;0;0m▀[0m [0m [0m [0m [0m [0m [0m [0m [0m [0m [0m
[0m [0m [0m [0m [0m [0m [0m [0m [0m [0m [0m [0m [0m [0m [0m [0m [0m [0m [0m [0m [0m [0m [0m [0m [0m [0m [0m [0m [0m [0m [0m [0m [0m
[0m [0m [0m [0m [0m [0m [0m [0m [0m [0m [38;2;0;0;0;48;2;0;0;0m▀[38;2;0;0;0;48;2;0;0;0m▀[38;2;0;0;0;48;2;0;0;0m▀[38;2;0;0;0;48;2;0;0;0m▀[38;2;0;0;0;48;2;0;0;0m▀[38;2;0;0;0;48;2;0;0;0m▀[38;2;0;0;0;48;2;0;0;0m▀[38;2;0;0;0;48;2;0;0;0m▀[38;2;0;0;0;48;2;0;0;0m▀[38;2;0;0;0;48;2;0;0;0m▀[0m [0m [0m [0m [0m [0m [0m [0m [0m [0m [0m [0m [0m
