[0m [0m [0m [0m [0m [0m [0m [0m [0m [0m [0m [0m [0m [0m [0m [0m [0m [0m [0m [0m [0m [0m [0m [0m [0m [0m [0m [0m [0m [0m [0m [0m [0m
[0m [0m [0m [0m [0m [0m [0m [0m [0m [0m [0m [0m [0m [0m [0m [0m [0m [0m [0m [0m [0m [0m [0m [0m [0m [0m [0m [0m [0m [0m [0m [0m [0m
[0m [0m [0m [0m [0m [0m [0m [0m [0m [0m [0m [0m [0m [0m [0m [0m [0m [0m [0m [0m [0m [0m [0m [0m [0m [0m [0m [0m [0m [0m [0m [0m [0m
[0m [0m [0m [0m [0m [0m [0m [0m [0m [0m [0m [0m [0m [0m [0m [0m [0m [0m [0m [0m [0m [0m [0m [0m [0m [0m [0m [0m [0m [0m [0m [0m [0m
[38;2;0;0;0;48;2;0;0;0m▀[38;2;0;0;0;48;2;0;0;0m▀[38;2;0;0;0;48;2;0;0;0m▀[38;2;0;0;0;48;2;0;0;0m▀[38;2;0;0;0;48;2;0;0;0m▀[38;2;0;0;0;48;2;0;0;0m▀[38;2;0;0;0;48;2;0;0;0m▀[38;2;0;0;0;48;2;0;0;0m▀[0m [0m [38;2;0;0;0;48;2;0;0;0m▀[38;2;0;0;0;48;2;0;0;0m▀[38;2;0;0;0;48;2;0;0;0m▀[38;2;0;0;0;48;2;0;0;0m▀[38;2;0;0;0;48;2;0;0;0m▀[38;2;0;0;0;48;2;0;0;0m▀[38;2;0;0;0;48;2;0;0;0m▀[38;2;0;0;0;48;2;0;0;0m▀[38;2;0;0;0;48;2;0;0;0m▀[38;2;0;0;0;48;2;0;0;0m▀[0m [0m [0m [0m [0m [0m [0m [0m [0m [0m [0m [0m [0m
[38;2;0;0;0;48;2;0;0;0m▀[38;2;0;0;0;48;2;0;0;0m▀[38;2;81;81;81;48;2;81;81;81m▀[38;2;81;81;81;48;2;81;81;81m▀[38;2;46;46;46;48;2;46;46;46m▀[38;2;46;46;46;48;2;46;46;46m▀[38;2;81;81;81;48;2;81;81;81m▀[38;2;81;81;81;48;2;81;81;81m▀[38;2;0;0;0;48;2;0;0;0m▀[38;2;0;0;0;48;2;0;0;0m▀[38;2;56;56;158;48;2;56;56;158m▀[38;2;56;56;158;48;2;56;56;158m▀[38;2;97;97;214;48;2;97;97;214m▀[38;2;97;97;214;48;2;97;97;214m▀[38;2;56;56;158;48;2;56;56;158m▀[38;2;56;56;158;48;2;56;56;158m▀[38;2;97;97;214;48;2;97;97;214m▀[38;2;97;97;214;48;2;97;97;214m▀[38;2;56;56;158;48;2;56;56;158m▀[38;2;56;56;158;48;2;56;56;158m▀[38;2;0;0;0;48;2;0;0;0m▀[38;2;0;0;0;48;2;0;0;0m▀[0m [0m [0m [0m [0m [0m [0m [0m [0m [0m [0m
[0m [0m [38;2;0;0;0;48;2;0;0;0m▀[38;2;0;0;0;48;2;0;0;0m▀[38;2;0;0;0;48;2;0;0;0m▀[38;2;0;0;0;48;2;0;0;0m▀[38;2;46;46;46;48;2;46;46;46m▀[38;2;46;46;46;48;2;46;46;46m▀[38;2;81;81;81;48;2;81;81;81m▀[38;2;81;81;81;48;2;81;81;81m▀[38;2;46;46;46;48;2;46;46;46m▀[38;2;46;46;46;48;2;46;46;46m▀[38;2;56;56;158;48;2;56;56;158m▀[38;2;56;56;158;48;2;56;56;158m▀[38;2;97;97;214;48;2;97;97;214m▀[38;2;97;97;214;48;2;97;97;214m▀[38;2;56;56;158;48;2;56;56;158m▀[38;2;56;56;158;48;2;56;56;158m▀[38;2;97;97;214;48;2;97;97;214m▀[38;2;97;97;214;48;2;97;97;214m▀[38;2;56;56;158;48;2;56;56;158m▀[38;2;56;56;158;48;2;56;56;158m▀[38;2;0;0;0;48;2;0;0;0m▀[38;2;0;0;0;48;2;0;0;0m▀[0m [0m [0m [0m [0m [0m [0m [0m [0m
[0m [0m [0m [0m [38;2;0;0;0;48;2;0;0;0m▀[38;2;0;0;0;48;2;0;0;0m▀[38;2;0;0;0;48;2;0;0;0m▀[38;2;0;0;0;48;2;0;0;0m▀[38;2;0;0;0;48;2;0;0;0m▀[38;2;0;0;0;48;2;0;0;0m▀[38;2;0;0;0;48;2;0;0;0m▀[38;2;0;0;0;48;2;0;0;0m▀[38;2;247;199;64;48;2;247;199;64m▀[38;2;247;199;64;48;2;247;199;64m▀[38;2;249;239;153;48;2;249;239;153m▀[38;2;249;239;153;48;2;249;239;153m▀[38;2;247;199;64;48;2;247;199;64m▀[38;2;247;199;64;48;2;247;199;64m▀[38;2;247;199;64;48;2;247;199;64m▀[38;2;247;199;64;48;2;247;199;64m▀[38;2;97;97;214;48;2;97;97;214m▀[38;2;97;97;214;48;2;97;97;214m▀[38;2;56;56;158;48;2;56;56;158m▀[38;2;56;56;158;48;2;56;56;158m▀[38;2;0;0;0;48;2;0;0;0m▀[38;2;0;0;0;48;2;0;0;0m▀[0m [0m [0m [0m [0m [0m [0m
[0m [0m [38;2;0;0;0;48;2;0;0;0m▀[38;2;0;0;0;48;2;0;0;0m▀[38;2;252;247;205;48;2;252;247;205m▀[38;2;252;247;205;48;2;252;247;205m▀[38;2;252;247;205;48;2;252;247;205m▀[38;2;252;247;205;48;2;252;247;205m▀[38;2;252;247;205;48;2;252;247;205m▀[38;2;252;247;205;48;2;252;247;205m▀[38;2;252;247;205;48;2;252;247;205m▀[38;2;252;247;205;48;2;252;247;205m▀[38;2;252;247;205;48;2;252;247;205m▀[38;2;252;247;205;48;2;252;247;205m▀[38;2;249;239;153;48;2;249;239;153m▀[38;2;249;239;153;48;2;249;239;153m▀[38;2;0;0;0;48;2;0;0;0m▀[38;2;0;0;0;48;2;0;0;0m▀[38;2;249;239;153;48;2;249;239;153m▀[38;2;249;239;153;48;2;249;239;153m▀[38;2;247;199;64;48;2;247;199;64m▀[38;2;247;199;64;48;2;247;199;64m▀[38;2;97;97;214;48;2;97;97;214m▀[38;2;97;97;214;48;2;97;97;214m▀[38;2;0;0;0;48;2;0;0;0m▀[38;2;0;0;0;48;2;0;0;0m▀[0m [0m [0m [0m [0m [0m [0m
[0m [0m [38;2;0;0;0;48;2;0;0;0m▀[38;2;0;0;0;48;2;0;0;0m▀[38;2;252;247;205;48;2;252;247;205m▀[38;2;252;247;205;48;2;252;247;205m▀[38;2;249;239;153;48;2;249;239;153m▀[38;2;249;239;153;48;2;249;239;153m▀[38;2;252;247;205;48;2;252;247;205m▀[38;2;252;247;205;48;2;252;247;205m▀[38;2;252;247;205;48;2;252;247;205m▀[38;2;252;247;205;48;2;252;247;205m▀[38;2;252;247;205;48;2;252;247;205m▀[38;2;252;247;205;48;2;252;247;205m▀[38;2;249;239;153;48;2;249;239;153m▀[38;2;249;239;153;48;2;249;239;153m▀[38;2;249;239;153;48;2;249;239;153m▀[38;2;249;239;153;48;2;249;239;153m▀[38;2;247;199;64;48;2;247;199;64m▀[38;2;247;199;64;48;2;247;199;64m▀[38;2;97;97;214;48;2;97;97;214m▀[38;2;97;97;214;48;2;97;97;214m▀[38;2;56;56;158;48;2;56;56;158m▀[38;2;56;56;158;48;2;56;56;158m▀[38;2;97;97;214;48;2;97;97;214m▀[38;2;97;97;214;48;2;97;97;214m▀[38;2;0;0;0;48;2;0;0;0m▀[38;2;0;0;0;48;2;0;0;0m▀[0m [0m [0m [0m [0m
[0m [0m [38;2;0;0;0;48;2;0;0;0m▀[38;2;0;0;0;48;2;0;0;0m▀[38;2;249;239;153;48;2;249;239;153m▀[38;2;249;239;153;48;2;249;239;153m▀[38;2;0;0;0;48;2;0;0;0m▀[38;2;0;0;0;48;2;0;0;0m▀[38;2;249;239;153;48;2;249;239;153m▀[38;2;249;239;153;48;2;249;239;153m▀[38;2;249;239;153;48;2;249;239;153m▀[38;2;249;239;153;48;2;249;239;153m▀[38;2;252;247;205;48;2;252;247;205m▀[38;2;252;247;205;48;2;252;247;205m▀[38;2;252;247;205;48;2;252;247;205m▀[38;2;252;247;205;48;2;252;247;205m▀[38;2;249;239;153;48;2;249;239;153m▀[38;2;249;239;153;48;2;249;239;153m▀[38;2;247;199;64;48;2;247;199;64m▀[38;2;247;199;64;48;2;247;199;64m▀[38;2;247;199;64;48;2;247;199;64m▀[38;2;247;199;64;48;2;247;199;64m▀[38;2;247;199;64;48;2;247;199;64m▀[38;2;247;199;64;48;2;247;199;64m▀[38;2;56;56;158;48;2;56;56;158m▀[38;2;56;56;158;48;2;56;56;158m▀[38;2;0;0;0;48;2;0;0;0m▀[38;2;0;0;0;48;2;0;0;0m▀[0m [0m [0m [0m [0m
[0m [0m [0m [0m [38;2;0;0;0;48;2;0;0;0m▀[38;2;0;0;0;48;2;0;0;0m▀[38;2;249;239;153;48;2;249;239;153m▀[38;2;249;239;153;48;2;249;239;153m▀[38;2;0;0;0;48;2;0;0;0m▀[38;2;0;0;0;48;2;0;0;0m▀[38;2;0;0;0;48;2;0;0;0m▀[38;2;0;0;0;48;2;0;0;0m▀[38;2;249;239;153;48;2;249;239;153m▀[38;2;249;239;153;48;2;249;239;153m▀[38;2;249;239;153;48;2;249;239;153m▀[38;2;249;239;153;48;2;249;239;153m▀[38;2;249;239;153;48;2;249;239;153m▀[38;2;249;239;153;48;2;249;239;153m▀[38;2;249;239;153;48;2;249;239;153m▀[38;2;249;239;153;48;2;249;239;153m▀[38;2;249;239;153;48;2;249;239;153m▀[38;2;249;239;153;48;2;249;239;153m▀[38;2;247;199;64;48;2;247;199;64m▀[38;2;247;199;64;48;2;247;199;64m▀[38;2;247;199;64;48;2;247;199;64m▀[38;2;247;199;64;48;2;247;199;64m▀[38;2;97;97;214;48;2;97;97;214m▀[38;2;97;97;214;48;2;97;97;214m▀[38;2;0;0;0;48;2;0;0;0m▀[38;2;0;0;0;48;2;0;0;0m▀[0m [0m [0m
[0m [0m [38;2;0;0;0;48;2;0;0;0m▀[38;2;0;0;0;48;2;0;0;0m▀[38;2;0;0;0;48;2;0;0;0m▀[38;2;0;0;0;48;2;0;0;0m▀[38;2;252;247;205;48;2;252;247;205m▀[38;2;252;247;205;48;2;252;247;205m▀[38;2;249;239;153;48;2;249;239;153m▀[38;2;249;239;153;48;2;249;239;153m▀[38;2;247;199;64;48;2;247;199;64m▀[38;2;247;199;64;48;2;247;199;64m▀[38;2;0;0;0;48;2;0;0;0m▀[38;2;0;0;0;48;2;0;0;0m▀[38;2;0;0;0;48;2;0;0;0m▀[38;2;0;0;0;48;2;0;0;0m▀[38;2;252;247;205;48;2;252;247;205m▀[38;2;252;247;205;48;2;252;247;205m▀[38;2;247;199;64;48;2;247;199;64m▀[38;2;247;199;64;48;2;247;199;64m▀[38;2;0;0;0;48;2;0;0;0m▀[38;2;0;0;0;48;2;0;0;0m▀[38;2;247;199;64;48;2;247;199;64m▀[38;2;247;199;64;48;2;247;199;64m▀[38;2;247;199;64;48;2;247;199;64m▀[38;2;247;199;64;48;2;247;199;64m▀[38;2;56;56;158;48;2;56;56;158m▀[38;2;56;56;158;48;2;56;56;158m▀[38;2;0;0;0;48;2;0;0;0m▀[38;2;0;0;0;48;2;0;0;0m▀[0m [0m [0m
[38;2;0;0;0;48;2;0;0;0m▀[38;2;0;0;0;48;2;0;0;0m▀[38;2;252;247;205;48;2;252;247;205m▀[38;2;252;247;205;48;2;252;247;205m▀[38;2;247;199;64;48;2;247;199;64m▀[38;2;247;199;64;48;2;247;199;64m▀[38;2;0;0;0;48;2;0;0;0m▀[38;2;0;0;0;48;2;0;0;0m▀[38;2;0;0;0;48;2;0;0;0m▀[38;2;0;0;0;48;2;0;0;0m▀[38;2;0;0;0;48;2;0;0;0m▀[38;2;0;0;0;48;2;0;0;0m▀[38;2;252;247;205;48;2;252;247;205m▀[38;2;252;247;205;48;2;252;247;205m▀[38;2;252;247;205;48;2;252;247;205m▀[38;2;252;247;205;48;2;252;247;205m▀[38;2;247;199;64;48;2;247;199;64m▀[38;2;247;199;64;48;2;247;199;64m▀[38;2;249;239;153;48;2;249;239;153m▀[38;2;249;239;153;48;2;249;239;153m▀[38;2;247;199;64;48;2;247;199;64m▀[38;2;247;199;64;48;2;247;199;64m▀[38;2;0;0;0;48;2;0;0;0m▀[38;2;0;0;0;48;2;0;0;0m▀[38;2;0;0;0;48;2;0;0;0m▀[38;2;0;0;0;48;2;0;0;0m▀[38;2;247;199;64;48;2;247;199;64m▀[38;2;247;199;64;48;2;247;199;64m▀[38;2;249;239;153;48;2;249;239;153m▀[38;2;249;239;153;48;2;249;239;153m▀[38;2;0;0;0;48;2;0;0;0m▀[38;2;0;0;0;48;2;0;0;0m▀[0m
[38;2;0;0;0;48;2;0;0;0m▀[38;2;0;0;0;48;2;0;0;0m▀[38;2;81;81;81;48;2;81;81;81m▀[38;2;81;81;81;48;2;81;81;81m▀[38;2;0;0;0;48;2;0;0;0m▀[38;2;0;0;0;48;2;0;0;0m▀[38;2;247;199;64;48;2;247;199;64m▀[38;2;247;199;64;48;2;247;199;64m▀[38;2;247;199;64;48;2;247;199;64m▀[38;2;247;199;64;48;2;247;199;64m▀[38;2;0;0;0;48;2;0;0;0m▀[38;2;0;0;0;48;2;0;0;0m▀[38;2;81;81;81;48;2;81;81;81m▀[38;2;81;81;81;48;2;81;81;81m▀[38;2;247;199;64;48;2;247;199;64m▀[38;2;247;199;64;48;2;247;199;64m▀[38;2;81;81;81;48;2;81;81;81m▀[38;2;81;81;81;48;2;81;81;81m▀[38;2;0;0;0;48;2;0;0;0m▀[38;2;0;0;0;48;2;0;0;0m▀[38;2;81;81;81;48;2;81;81;81m▀[38;2;81;81;81;48;2;81;81;81m▀[38;2;0;0;0;48;2;0;0;0m▀[38;2;0;0;0;48;2;0;0;0m▀[38;2;81;81;81;48;2;81;81;81m▀[38;2;81;81;81;48;2;81;81;81m▀[38;2;247;199;64;48;2;247;199;64m▀[38;2;247;199;64;48;2;247;199;64m▀[38;2;247;199;64;48;2;247;199;64m▀[38;2;247;199;64;48;2;247;199;64m▀[38;2;0;0;0;48;2;0;0;0m▀[38;2;0;0;0;48;2;0;0;0m▀[0m
[38;2;0;0;0;48;2;0;0;0m▀[38;2;0;0;0;48;2;0;0;0m▀[38;2;0;0;0;48;2;0;0;0m▀[38;2;0;0;0;48;2;0;0;0m▀[38;2;0;0;0;48;2;0;0;0m▀[38;2;0;0;0;48;2;0;0;0m▀[38;2;0;0;0;48;2;0;0;0m▀[38;2;0;0;0;48;2;0;0;0m▀[38;2;0;0;0;48;2;0;0;0m▀[38;2;0;0;0;48;2;0;0;0m▀[38;2;0;0;0;48;2;0;0;0m▀[38;2;0;0;0;48;2;0;0;0m▀[38;2;0;0;0;48;2;0;0;0m▀[38;2;0;0;0;48;2;0;0;0m▀[38;2;0;0;0;48;2;0;0;0m▀[38;2;0;0;0;48;2;0;0;0m▀[38;2;0;0;0;48;2;0;0;0m▀[38;2;0;0;0;48;2;0;0;0m▀[38;2;0;0;0;48;2;0;0;0m▀[38;2;0;0;0;48;2;0;0;0m▀[38;2;0;0;0;48;2;0;0;0m▀[38;2;0;0;0;48;2;0;0;0m▀[38;2;0;0;0;48;2;0;0;0m▀[38;2;0;0;0;48;2;0;0;0m▀[38;2;0;0;0;48;2;0;0;0m▀[38;2;0;0;0;48;2;0;0;0m▀[38;2;0;0;0;48;2;0;0;0m▀[38;2;0;0;0;48;2;0;0;0m▀[38;2;0;0;0;48;2;0;0;0m▀[38;2;0;0;0;48;2;0;0;0m▀[38;2;0;0;0;48;2;0;0;0m▀[38;2;0;0;0;48;2;0;0;0m▀[0m
