[0m [0m [0m [0m [0m [0m [0m [0m [0m [0m [0m [0m [0m [0m [0m [0m [0m [0m [0m [0m [0m [0m [0m [0m [0m [0m [0m [0m [0m [0m [0m [0m [0m
[0m [0m [0m [0m [0m [0m [0m [0m [0m [0m [0m [0m [0m [0m [0m [0m [0m [0m [0m [0m [0m [0m [0m [0m [0m [0m [0m [0m [0m [0m [0m [0m [0m
[0m [0m [0m [0m [0m [0m [0m [0m [0m [0m [0m [0m [0m [0m [0m [0m [0m [0m [0m [0m [0m [0m [0m [0m [0m [0m [0m [0m [0m [0m [0m [0m [0m
[0m [0m [0m [0m [0m [0m [0m [0m [0m [0m [38;2;0;0;0;48;2;0;0;0m▀[38;2;0;0;0;48;2;0;0;0m▀[38;2;0;0;0;48;2;0;0;0m▀[38;2;0;0;0;48;2;0;0;0m▀[0m [0m [38;2;0;0;0;48;2;0;0;0m▀[38;2;0;0;0;48;2;0;0;0m▀[38;2;0;0;0;48;2;0;0;0m▀[38;2;0;0;0;48;2;0;0;0m▀[0m [0m [0m [0m [0m [0m [0m [0m [0m [0m [0m [0m [0m
[0m [0m [0m [0m [0m [0m [0m [0m [0m [0m [38;2;0;0;0;48;2;0;0;0m▀[38;2;0;0;0;48;2;0;0;0m▀[38;2;239;242;223;48;2;239;242;223m▀[38;2;239;242;223;48;2;239;242;223m▀[38;2;0;0;0;48;2;0;0;0m▀[38;2;0;0;0;48;2;0;0;0m▀[38;2;239;242;223;48;2;239;242;223m▀[38;2;239;242;223;48;2;239;242;223m▀[38;2;197;219;144;48;2;197;219;144m▀[38;2;197;219;144;48;2;197;219;144m▀[38;2;0;0;0;48;2;0;0;0m▀[38;2;0;0;0;48;2;0;0;0m▀[0m [0m [0m [0m [0m [0m [0m [0m [0m [0m [0m
[0m [0m [0m [0m [0m [0m [38;2;0;0;0;48;2;0;0;0m▀[38;2;0;0;0;48;2;0;0;0m▀[38;2;0;0;0;48;2;0;0;0m▀[38;2;0;0;0;48;2;0;0;0m▀[38;2;0;0;0;48;2;0;0;0m▀[38;2;0;0;0;48;2;0;0;0m▀[38;2;197;219;144;48;2;197;219;144m▀[38;2;197;219;144;48;2;197;219;144m▀[38;2;136;168;87;48;2;136;168;87m▀[38;2;136;168;87;48;2;136;168;87m▀[38;2;197;219;144;48;2;197;219;144m▀[38;2;197;219;144;48;2;197;219;144m▀[38;2;0;0;0;48;2;0;0;0m▀[38;2;0;0;0;48;2;0;0;0m▀[38;2;0;0;0;48;2;0;0;0m▀[38;2;0;0;0;48;2;0;0;0m▀[38;2;0;0;0;48;2;0;0;0m▀[38;2;0;0;0;48;2;0;0;0m▀[38;2;0;0;0;48;2;0;0;0m▀[38;2;0;0;0;48;2;0;0;0m▀[0m [0m [0m [0m [0m [0m [0m
[0m [0m [0m [0m [38;2;0;0;0;48;2;0;0;0m▀[38;2;0;0;0;48;2;0;0;0m▀[38;2;239;242;223;48;2;239;242;223m▀[38;2;239;242;223;48;2;239;242;223m▀[38;2;239;242;223;48;2;239;242;223m▀[38;2;239;242;223;48;2;239;242;223m▀[38;2;239;242;223;48;2;239;242;223m▀[38;2;239;242;223;48;2;239;242;223m▀[38;2;197;219;144;48;2;197;219;144m▀[38;2;197;219;144;48;2;197;219;144m▀[38;2;197;219;144;48;2;197;219;144m▀[38;2;197;219;144;48;2;197;219;144m▀[38;2;197;219;144;48;2;197;219;144m▀[38;2;197;219;144;48;2;197;219;144m▀[38;2;197;219;144;48;2;197;219;144m▀[38;2;197;219;144;48;2;197;219;144m▀[38;2;136;168;87;48;2;136;168;87m▀[38;2;136;168;87;48;2;136;168;87m▀[38;2;81;109;42;48;2;81;109;42m▀[38;2;81;109;42;48;2;81;109;42m▀[38;2;81;109;42;48;2;81;109;42m▀[38;2;81;109;42;48;2;81;109;42m▀[38;2;0;0;0;48;2;0;0;0m▀[38;2;0;0;0;48;2;0;0;0m▀[0m [0m [0m [0m [0m
[0m [0m [0m [0m [38;2;0;0;0;48;2;0;0;0m▀[38;2;0;0;0;48;2;0;0;0m▀[38;2;239;242;223;48;2;239;242;223m▀[38;2;239;242;223;48;2;239;242;223m▀[38;2;0;0;0;48;2;0;0;0m▀[38;2;0;0;0;48;2;0;0;0m▀[38;2;0;0;0;48;2;0;0;0m▀[38;2;0;0;0;48;2;0;0;0m▀[38;2;0;0;0;48;2;0;0;0m▀[38;2;0;0;0;48;2;0;0;0m▀[38;2;0;0;0;48;2;0;0;0m▀[38;2;0;0;0;48;2;0;0;0m▀[38;2;0;0;0;48;2;0;0;0m▀[38;2;0;0;0;48;2;0;0;0m▀[38;2;0;0;0;48;2;0;0;0m▀[38;2;0;0;0;48;2;0;0;0m▀[38;2;197;219;144;48;2;197;219;144m▀[38;2;197;219;144;48;2;197;219;144m▀[38;2;136;168;87;48;2;136;168;87m▀[38;2;136;168;87;48;2;136;168;87m▀[38;2;81;109;42;48;2;81;109;42m▀[38;2;81;109;42;48;2;81;109;42m▀[38;2;0;0;0;48;2;0;0;0m▀[38;2;0;0;0;48;2;0;0;0m▀[0m [0m [0m [0m [0m
[0m [0m [0m [0m [38;2;0;0;0;48;2;0;0;0m▀[38;2;0;0;0;48;2;0;0;0m▀[38;2;197;219;144;48;2;197;219;144m▀[38;2;197;219;144;48;2;197;219;144m▀[38;2;0;0;0;48;2;0;0;0m▀[38;2;0;0;0;48;2;0;0;0m▀[38;2;255;255;255;48;2;255;255;255m▀[38;2;255;255;255;48;2;255;255;255m▀[38;2;255;255;255;48;2;255;255;255m▀[38;2;255;255;255;48;2;255;255;255m▀[38;2;246;215;230;48;2;246;215;230m▀[38;2;246;215;230;48;2;246;215;230m▀[38;2;246;215;230;48;2;246;215;230m▀[38;2;246;215;230;48;2;246;215;230m▀[38;2;0;0;0;48;2;0;0;0m▀[38;2;0;0;0;48;2;0;0;0m▀[38;2;197;219;144;48;2;197;219;144m▀[38;2;197;219;144;48;2;197;219;144m▀[38;2;136;168;87;48;2;136;168;87m▀[38;2;136;168;87;48;2;136;168;87m▀[38;2;81;109;42;48;2;81;109;42m▀[38;2;81;109;42;48;2;81;109;42m▀[38;2;0;0;0;48;2;0;0;0m▀[38;2;0;0;0;48;2;0;0;0m▀[0m [0m [0m [0m [0m
[0m [0m [0m [0m [38;2;0;0;0;48;2;0;0;0m▀[38;2;0;0;0;48;2;0;0;0m▀[38;2;197;219;144;48;2;197;219;144m▀[38;2;197;219;144;48;2;197;219;144m▀[38;2;0;0;0;48;2;0;0;0m▀[38;2;0;0;0;48;2;0;0;0m▀[38;2;0;0;0;48;2;0;0;0m▀[38;2;0;0;0;48;2;0;0;0m▀[38;2;246;215;230;48;2;246;215;230m▀[38;2;246;215;230;48;2;246;215;230m▀[38;2;246;215;230;48;2;246;215;230m▀[38;2;246;215;230;48;2;246;215;230m▀[38;2;0;0;0;48;2;0;0;0m▀[38;2;0;0;0;48;2;0;0;0m▀[38;2;0;0;0;48;2;0;0;0m▀[38;2;0;0;0;48;2;0;0;0m▀[38;2;197;219;144;48;2;197;219;144m▀[38;2;197;219;144;48;2;197;219;144m▀[38;2;136;168;87;48;2;136;168;87m▀[38;2;136;168;87;48;2;136;168;87m▀[38;2;81;109;42;48;2;81;109;42m▀[38;2;81;109;42;48;2;81;109;42m▀[38;2;0;0;0;48;2;0;0;0m▀[38;2;0;0;0;48;2;0;0;0m▀[0m [0m [0m [0m [0m
[0m [0m [0m [0m [38;2;0;0;0;48;2;0;0;0m▀[38;2;0;0;0;48;2;0;0;0m▀[38;2;197;219;144;48;2;197;219;144m▀[38;2;197;219;144;48;2;197;219;144m▀[38;2;0;0;0;48;2;0;0;0m▀[38;2;0;0;0;48;2;0;0;0m▀[38;2;246;215;230;48;2;246;215;230m▀[38;2;246;215;230;48;2;246;215;230m▀[38;2;246;215;230;48;2;246;215;230m▀[38;2;246;215;230;48;2;246;215;230m▀[38;2;246;215;230;48;2;246;215;230m▀[38;2;246;215;230;48;2;246;215;230m▀[38;2;246;215;230;48;2;246;215;230m▀[38;2;246;215;230;48;2;246;215;230m▀[38;2;0;0;0;48;2;0;0;0m▀[38;2;0;0;0;48;2;0;0;0m▀[38;2;197;219;144;48;2;197;219;144m▀[38;2;197;219;144;48;2;197;219;144m▀[38;2;136;168;87;48;2;136;168;87m▀[38;2;136;168;87;48;2;136;168;87m▀[38;2;81;109;42;48;2;81;109;42m▀[38;2;81;109;42;48;2;81;109;42m▀[38;2;0;0;0;48;2;0;0;0m▀[38;2;0;0;0;48;2;0;0;0m▀[0m [0m [0m [0m [0m
[0m [0m [0m [0m [38;2;0;0;0;48;2;0;0;0m▀[38;2;0;0;0;48;2;0;0;0m▀[38;2;197;219;144;48;2;197;219;144m▀[38;2;197;219;144;48;2;197;219;144m▀[38;2;0;0;0;48;2;0;0;0m▀[38;2;0;0;0;48;2;0;0;0m▀[38;2;200;118;135;48;2;200;118;135m▀[38;2;200;118;135;48;2;200;118;135m▀[38;2;0;0;0;48;2;0;0;0m▀[38;2;0;0;0;48;2;0;0;0m▀[38;2;0;0;0;48;2;0;0;0m▀[38;2;0;0;0;48;2;0;0;0m▀[38;2;200;118;135;48;2;200;118;135m▀[38;2;200;118;135;48;2;200;118;135m▀[38;2;0;0;0;48;2;0;0;0m▀[38;2;0;0;0;48;2;0;0;0m▀[38;2;197;219;144;48;2;197;219;144m▀[38;2;197;219;144;48;2;197;219;144m▀[38;2;136;168;87;48;2;136;168;87m▀[38;2;136;168;87;48;2;136;168;87m▀[38;2;81;109;42;48;2;81;109;42m▀[38;2;81;109;42;48;2;81;109;42m▀[38;2;0;0;0;48;2;0;0;0m▀[38;2;0;0;0;48;2;0;0;0m▀[0m [0m [0m [0m [0m
[0m [0m [0m [0m [38;2;0;0;0;48;2;0;0;0m▀[38;2;0;0;0;48;2;0;0;0m▀[38;2;197;219;144;48;2;197;219;144m▀[38;2;197;219;144;48;2;197;219;144m▀[38;2;0;0;0;48;2;0;0;0m▀[38;2;0;0;0;48;2;0;0;0m▀[38;2;0;0;0;48;2;0;0;0m▀[38;2;0;0;0;48;2;0;0;0m▀[38;2;0;0;0;48;2;0;0;0m▀[38;2;0;0;0;48;2;0;0;0m▀[38;2;0;0;0;48;2;0;0;0m▀[38;2;0;0;0;48;2;0;0;0m▀[38;2;0;0;0;48;2;0;0;0m▀[38;2;0;0;0;48;2;0;0;0m▀[38;2;0;0;0;48;2;0;0;0m▀[38;2;0;0;0;48;2;0;0;0m▀[38;2;197;219;144;48;2;197;219;144m▀[38;2;197;219;144;48;2;197;219;144m▀[38;2;136;168;87;48;2;136;168;87m▀[38;2;136;168;87;48;2;136;168;87m▀[38;2;81;109;42;48;2;81;109;42m▀[38;2;81;109;42;48;2;81;109;42m▀[38;2;0;0;0;48;2;0;0;0m▀[38;2;0;0;0;48;2;0;0;0m▀[0m [0m [0m [0m [0m
[0m [0m [0m [0m [38;2;0;0;0;48;2;0;0;0m▀[38;2;0;0;0;48;2;0;0;0m▀[38;2;136;168;87;48;2;136;168;87m▀[38;2;136;168;87;48;2;136;168;87m▀[38;2;197;219;144;48;2;197;219;144m▀[38;2;197;219;144;48;2;197;219;144m▀[38;2;197;219;144;48;2;197;219;144m▀[38;2;197;219;144;48;2;197;219;144m▀[38;2;197;219;144;48;2;197;219;144m▀[38;2;197;219;144;48;2;197;219;144m▀[38;2;197;219;144;48;2;197;219;144m▀[38;2;197;219;144;48;2;197;219;144m▀[38;2;197;219;144;48;2;197;219;144m▀[38;2;197;219;144;48;2;197;219;144m▀[38;2;197;219;144;48;2;197;219;144m▀[38;2;197;219;144;48;2;197;219;144m▀[38;2;136;168;87;48;2;136;168;87m▀[38;2;136;168;87;48;2;136;168;87m▀[38;2;81;109;42;48;2;81;109;42m▀[38;2;81;109;42;48;2;81;109;42m▀[38;2;81;109;42;48;2;81;109;42m▀[38;2;81;109;42;48;2;81;109;42m▀[38;2;0;0;0;48;2;0;0;0m▀[38;2;0;0;0;48;2;0;0;0m▀[0m [0m [0m [0m [0m
[0m [0m [0m [0m [0m [0m [38;2;0;0;0;48;2;0;0;0m▀[38;2;0;0;0;48;2;0;0;0m▀[38;2;0;0;0;48;2;0;0;0m▀[38;2;0;0;0;48;2;0;0;0m▀[38;2;0;0;0;48;2;0;0;0m▀[38;2;0;0;0;48;2;0;0;0m▀[38;2;0;0;0;48;2;0;0;0m▀[38;2;0;0;0;48;2;0;0;0m▀[38;2;0;0;0;48;2;0;0;0m▀[38;2;0;0;0;48;2;0;0;0m▀[38;2;0;0;0;48;2;0;0;0m▀[38;2;0;0;0;48;2;0;0;0m▀[38;2;0;0;0;48;2;0;0;0m▀[38;2;0;0;0;48;2;0;0;0m▀[38;2;0;0;0;48;2;0;0;0m▀[38;2;0;0;0;48;2;0;0;0m▀[38;2;0;0;0;48;2;0;0;0m▀[38;2;0;0;0;48;2;0;0;0m▀[38;2;0;0;0;48;2;0;0;0m▀[38;2;0;0;0;48;2;0;0;0m▀[0m [0m [0m [0m [0m [0m [0m
[0m [0m [0m [0m [0m [0m [0m [0m [38;2;0;0;0;48;2;0;0;0m▀[38;2;0;0;0;48;2;0;0;0m▀[38;2;0;0;0;48;2;0;0;0m▀[38;2;0;0;0;48;2;0;0;0m▀[0m [0m [0m [0m [38;2;0;0;0;48;2;0;0;0m▀[38;2;0;0;0;48;2;0;0;0m▀[38;2;0;0;0;48;2;0;0;0m▀[38;2;0;0;0;48;2;0;0;0m▀[0m [0m [38;2;0;0;0;48;2;0;0;0m▀[38;2;0;0;0;48;2;0;0;0m▀[38;2;0;0;0;48;2;0;0;0m▀[38;2;0;0;0;48;2;0;0;0m▀[0m [0m [0m [0m [0m [0m [0m
