[0m [0m [0m [0m [0m [0m [0m [0m [0m [0m [0m [0m [0m [0m [0m [0m [0m [0m [0m [0m [0m [0m [0m [0m [0m [0m [0m [0m [0m [0m [0m [0m [0m
[0m [0m [0m [0m [0m [0m [0m [0m [0m [0m [0m [0m [0m [0m [0m [0m [0m [0m [0m [0m [0m [0m [0m [0m [0m [0m [0m [0m [0m [0m [0m [0m [0m
[0m [0m [0m [0m [0m [0m [0m [0m [0m [0m [0m [0m [0m [0m [0m [0m [0m [0m [0m [0m [0m [0m [0m [0m [0m [0m [0m [0m [0m [0m [0m [0m [0m
[0m [0m [0m [0m [0m [0m [0m [0m [0m [0m [0m [0m [0m [0m [0m [0m [0m [0m [0m [0m [0m [0m [0m [0m [0m [0m [0m [0m [0m [0m [0m [0m [0m
[0m [0m [0m [0m [0m [0m [0m [0m [38;2;0;0;0;48;2;0;0;0m▀[38;2;0;0;0;48;2;0;0;0m▀[38;2;0;0;0;48;2;0;0;0m▀[38;2;0;0;0;48;2;0;0;0m▀[38;2;0;0;0;48;2;0;0;0m▀[38;2;0;0;0;48;2;0;0;0m▀[38;2;0;0;0;48;2;0;0;0m▀[38;2;0;0;0;48;2;0;0;0m▀[38;2;0;0;0;48;2;0;0;0m▀[38;2;0;0;0;48;2;0;0;0m▀[38;2;0;0;0;48;2;0;0;0m▀[38;2;0;0;0;48;2;0;0;0m▀[38;2;0;0;0;48;2;0;0;0m▀[38;2;0;0;0;48;2;0;0;0m▀[0m [0m [0m [0m [0m [0m [0m [0m [0m [0m [0m
[0m [0m [0m [0m [0m [0m [38;2;0;0;0;48;2;0;0;0m▀[38;2;0;0;0;48;2;0;0;0m▀[38;2;248;242;246;48;2;248;242;246m▀[38;2;248;242;246;48;2;248;242;246m▀[38;2;153;74;119;48;2;153;74;119m▀[38;2;153;74;119;48;2;153;74;119m▀[38;2;191;92;147;48;2;191;92;147m▀[38;2;191;92;147;48;2;191;92;147m▀[38;2;234;200;224;48;2;234;200;224m▀[38;2;234;200;224;48;2;234;200;224m▀[38;2;153;74;119;48;2;153;74;119m▀[38;2;153;74;119;48;2;153;74;119m▀[38;2;234;200;224;48;2;234;200;224m▀[38;2;234;200;224;48;2;234;200;224m▀[38;2;219;160;204;48;2;219;160;204m▀[38;2;219;160;204;48;2;219;160;204m▀[38;2;0;0;0;48;2;0;0;0m▀[38;2;0;0;0;48;2;0;0;0m▀[38;2;0;0;0;48;2;0;0;0m▀[38;2;0;0;0;48;2;0;0;0m▀[0m [0m [0m [0m [0m [0m [0m
[0m [0m [0m [0m [38;2;0;0;0;48;2;0;0;0m▀[38;2;0;0;0;48;2;0;0;0m▀[38;2;248;242;246;48;2;248;242;246m▀[38;2;248;242;246;48;2;248;242;246m▀[38;2;153;74;119;48;2;153;74;119m▀[38;2;153;74;119;48;2;153;74;119m▀[38;2;153;74;119;48;2;153;74;119m▀[38;2;153;74;119;48;2;153;74;119m▀[38;2;153;74;119;48;2;153;74;119m▀[38;2;153;74;119;48;2;153;74;119m▀[38;2;153;74;119;48;2;153;74;119m▀[38;2;153;74;119;48;2;153;74;119m▀[38;2;234;200;224;48;2;234;200;224m▀[38;2;234;200;224;48;2;234;200;224m▀[38;2;219;160;204;48;2;219;160;204m▀[38;2;219;160;204;48;2;219;160;204m▀[38;2;181;141;191;48;2;181;141;191m▀[38;2;181;141;191;48;2;181;141;191m▀[38;2;248;242;246;48;2;248;242;246m▀[38;2;248;242;246;48;2;248;242;246m▀[38;2;234;200;224;48;2;234;200;224m▀[38;2;234;200;224;48;2;234;200;224m▀[38;2;0;0;0;48;2;0;0;0m▀[38;2;0;0;0;48;2;0;0;0m▀[0m [0m [0m [0m [0m
[0m [0m [38;2;0;0;0;48;2;0;0;0m▀[38;2;0;0;0;48;2;0;0;0m▀[38;2;248;242;246;48;2;248;242;246m▀[38;2;248;242;246;48;2;248;242;246m▀[38;2;234;200;224;48;2;234;200;224m▀[38;2;234;200;224;48;2;234;200;224m▀[38;2;234;200;224;48;2;234;200;224m▀[38;2;234;200;224;48;2;234;200;224m▀[38;2;234;200;224;48;2;234;200;224m▀[38;2;234;200;224;48;2;234;200;224m▀[38;2;234;200;224;48;2;234;200;224m▀[38;2;234;200;224;48;2;234;200;224m▀[38;2;219;160;204;48;2;219;160;204m▀[38;2;219;160;204;48;2;219;160;204m▀[38;2;219;160;204;48;2;219;160;204m▀[38;2;219;160;204;48;2;219;160;204m▀[38;2;181;141;191;48;2;181;141;191m▀[38;2;181;141;191;48;2;181;141;191m▀[38;2;248;242;246;48;2;248;242;246m▀[38;2;248;242;246;48;2;248;242;246m▀[38;2;234;200;224;48;2;234;200;224m▀[38;2;234;200;224;48;2;234;200;224m▀[38;2;181;141;191;48;2;181;141;191m▀[38;2;181;141;191;48;2;181;141;191m▀[38;2;0;0;0;48;2;0;0;0m▀[38;2;0;0;0;48;2;0;0;0m▀[0m [0m [0m [0m [0m
[0m [0m [38;2;0;0;0;48;2;0;0;0m▀[38;2;0;0;0;48;2;0;0;0m▀[38;2;0;0;0;48;2;0;0;0m▀[38;2;0;0;0;48;2;0;0;0m▀[38;2;0;0;0;48;2;0;0;0m▀[38;2;0;0;0;48;2;0;0;0m▀[38;2;0;0;0;48;2;0;0;0m▀[38;2;0;0;0;48;2;0;0;0m▀[38;2;0;0;0;48;2;0;0;0m▀[38;2;0;0;0;48;2;0;0;0m▀[38;2;0;0;0;48;2;0;0;0m▀[38;2;0;0;0;48;2;0;0;0m▀[38;2;0;0;0;48;2;0;0;0m▀[38;2;0;0;0;48;2;0;0;0m▀[38;2;0;0;0;48;2;0;0;0m▀[38;2;0;0;0;48;2;0;0;0m▀[38;2;0;0;0;48;2;0;0;0m▀[38;2;0;0;0;48;2;0;0;0m▀[38;2;234;200;224;48;2;234;200;224m▀[38;2;234;200;224;48;2;234;200;224m▀[38;2;181;141;191;48;2;181;141;191m▀[38;2;181;141;191;48;2;181;141;191m▀[38;2;248;242;246;48;2;248;242;246m▀[38;2;248;242;246;48;2;248;242;246m▀[38;2;234;200;224;48;2;234;200;224m▀[38;2;234;200;224;48;2;234;200;224m▀[38;2;0;0;0;48;2;0;0;0m▀[38;2;0;0;0;48;2;0;0;0m▀[0m [0m [0m
[0m [0m [0m [0m [0m [0m [38;2;0;0;0;48;2;0;0;0m▀[38;2;0;0;0;48;2;0;0;0m▀[38;2;28;100;71;48;2;28;100;71m▀[38;2;28;100;71;48;2;28;100;71m▀[38;2;28;100;71;48;2;28;100;71m▀[38;2;28;100;71;48;2;28;100;71m▀[38;2;28;100;71;48;2;28;100;71m▀[38;2;28;100;71;48;2;28;100;71m▀[38;2;28;100;71;48;2;28;100;71m▀[38;2;28;100;71;48;2;28;100;71m▀[38;2;28;100;71;48;2;28;100;71m▀[38;2;28;100;71;48;2;28;100;71m▀[38;2;28;100;71;48;2;28;100;71m▀[38;2;28;100;71;48;2;28;100;71m▀[38;2;0;0;0;48;2;0;0;0m▀[38;2;0;0;0;48;2;0;0;0m▀[38;2;248;242;246;48;2;248;242;246m▀[38;2;248;242;246;48;2;248;242;246m▀[38;2;234;200;224;48;2;234;200;224m▀[38;2;234;200;224;48;2;234;200;224m▀[38;2;219;160;204;48;2;219;160;204m▀[38;2;219;160;204;48;2;219;160;204m▀[38;2;0;0;0;48;2;0;0;0m▀[38;2;0;0;0;48;2;0;0;0m▀[0m [0m [0m
[0m [0m [0m [0m [38;2;0;0;0;48;2;0;0;0m▀[38;2;0;0;0;48;2;0;0;0m▀[38;2;33;128;68;48;2;33;128;68m▀[38;2;33;128;68;48;2;33;128;68m▀[38;2;238;232;46;48;2;238;232;46m▀[38;2;238;232;46;48;2;238;232;46m▀[38;2;33;128;68;48;2;33;128;68m▀[38;2;33;128;68;48;2;33;128;68m▀[38;2;33;128;68;48;2;33;128;68m▀[38;2;33;128;68;48;2;33;128;68m▀[38;2;238;232;46;48;2;238;232;46m▀[38;2;238;232;46;48;2;238;232;46m▀[38;2;28;100;71;48;2;28;100;71m▀[38;2;28;100;71;48;2;28;100;71m▀[38;2;0;0;0;48;2;0;0;0m▀[38;2;0;0;0;48;2;0;0;0m▀[38;2;0;0;0;48;2;0;0;0m▀[38;2;0;0;0;48;2;0;0;0m▀[38;2;0;0;0;48;2;0;0;0m▀[38;2;0;0;0;48;2;0;0;0m▀[38;2;0;0;0;48;2;0;0;0m▀[38;2;0;0;0;48;2;0;0;0m▀[38;2;0;0;0;48;2;0;0;0m▀[38;2;0;0;0;48;2;0;0;0m▀[38;2;0;0;0;48;2;0;0;0m▀[38;2;0;0;0;48;2;0;0;0m▀[0m [0m [0m
[0m [0m [0m [0m [38;2;0;0;0;48;2;0;0;0m▀[38;2;0;0;0;48;2;0;0;0m▀[38;2;33;128;68;48;2;33;128;68m▀[38;2;33;128;68;48;2;33;128;68m▀[38;2;33;128;68;48;2;33;128;68m▀[38;2;33;128;68;48;2;33;128;68m▀[38;2;33;128;68;48;2;33;128;68m▀[38;2;33;128;68;48;2;33;128;68m▀[38;2;33;128;68;48;2;33;128;68m▀[38;2;33;128;68;48;2;33;128;68m▀[38;2;28;100;71;48;2;28;100;71m▀[38;2;28;100;71;48;2;28;100;71m▀[38;2;0;0;0;48;2;0;0;0m▀[38;2;0;0;0;48;2;0;0;0m▀[38;2;225;225;225;48;2;225;225;225m▀[38;2;225;225;225;48;2;225;225;225m▀[38;2;159;154;164;48;2;159;154;164m▀[38;2;159;154;164;48;2;159;154;164m▀[38;2;91;91;100;48;2;91;91;100m▀[38;2;91;91;100;48;2;91;91;100m▀[38;2;159;154;164;48;2;159;154;164m▀[38;2;159;154;164;48;2;159;154;164m▀[38;2;91;91;100;48;2;91;91;100m▀[38;2;91;91;100;48;2;91;91;100m▀[38;2;0;0;0;48;2;0;0;0m▀[38;2;0;0;0;48;2;0;0;0m▀[0m [0m [0m
[0m [0m [38;2;0;0;0;48;2;0;0;0m▀[38;2;0;0;0;48;2;0;0;0m▀[38;2;0;0;0;48;2;0;0;0m▀[38;2;0;0;0;48;2;0;0;0m▀[38;2;0;0;0;48;2;0;0;0m▀[38;2;0;0;0;48;2;0;0;0m▀[38;2;0;0;0;48;2;0;0;0m▀[38;2;0;0;0;48;2;0;0;0m▀[38;2;0;0;0;48;2;0;0;0m▀[38;2;0;0;0;48;2;0;0;0m▀[38;2;0;0;0;48;2;0;0;0m▀[38;2;0;0;0;48;2;0;0;0m▀[38;2;0;0;0;48;2;0;0;0m▀[38;2;0;0;0;48;2;0;0;0m▀[38;2;0;0;0;48;2;0;0;0m▀[38;2;0;0;0;48;2;0;0;0m▀[38;2;0;0;0;48;2;0;0;0m▀[38;2;0;0;0;48;2;0;0;0m▀[38;2;0;0;0;48;2;0;0;0m▀[38;2;0;0;0;48;2;0;0;0m▀[38;2;159;154;164;48;2;159;154;164m▀[38;2;159;154;164;48;2;159;154;164m▀[38;2;91;91;100;48;2;91;91;100m▀[38;2;91;91;100;48;2;91;91;100m▀[38;2;0;0;0;48;2;0;0;0m▀[38;2;0;0;0;48;2;0;0;0m▀[38;2;0;0;0;48;2;0;0;0m▀[38;2;0;0;0;48;2;0;0;0m▀[0m [0m [0m
[0m [0m [38;2;0;0;0;48;2;0;0;0m▀[38;2;0;0;0;48;2;0;0;0m▀[38;2;234;200;224;48;2;234;200;224m▀[38;2;234;200;224;48;2;234;200;224m▀[38;2;181;141;191;48;2;181;141;191m▀[38;2;181;141;191;48;2;181;141;191m▀[38;2;234;200;224;48;2;234;200;224m▀[38;2;234;200;224;48;2;234;200;224m▀[38;2;234;200;224;48;2;234;200;224m▀[38;2;234;200;224;48;2;234;200;224m▀[38;2;181;141;191;48;2;181;141;191m▀[38;2;181;141;191;48;2;181;141;191m▀[38;2;234;200;224;48;2;234;200;224m▀[38;2;234;200;224;48;2;234;200;224m▀[38;2;234;200;224;48;2;234;200;224m▀[38;2;234;200;224;48;2;234;200;224m▀[38;2;234;200;224;48;2;234;200;224m▀[38;2;234;200;224;48;2;234;200;224m▀[38;2;219;160;204;48;2;219;160;204m▀[38;2;219;160;204;48;2;219;160;204m▀[38;2;0;0;0;48;2;0;0;0m▀[38;2;0;0;0;48;2;0;0;0m▀[38;2;0;0;0;48;2;0;0;0m▀[38;2;0;0;0;48;2;0;0;0m▀[38;2;219;160;204;48;2;219;160;204m▀[38;2;219;160;204;48;2;219;160;204m▀[38;2;0;0;0;48;2;0;0;0m▀[38;2;0;0;0;48;2;0;0;0m▀[0m [0m [0m
[0m [0m [0m [0m [38;2;0;0;0;48;2;0;0;0m▀[38;2;0;0;0;48;2;0;0;0m▀[38;2;219;160;204;48;2;219;160;204m▀[38;2;219;160;204;48;2;219;160;204m▀[38;2;144;105;159;48;2;144;105;159m▀[38;2;144;105;159;48;2;144;105;159m▀[38;2;219;160;204;48;2;219;160;204m▀[38;2;219;160;204;48;2;219;160;204m▀[38;2;219;160;204;48;2;219;160;204m▀[38;2;219;160;204;48;2;219;160;204m▀[38;2;144;105;159;48;2;144;105;159m▀[38;2;144;105;159;48;2;144;105;159m▀[38;2;219;160;204;48;2;219;160;204m▀[38;2;219;160;204;48;2;219;160;204m▀[38;2;219;160;204;48;2;219;160;204m▀[38;2;219;160;204;48;2;219;160;204m▀[38;2;219;160;204;48;2;219;160;204m▀[38;2;219;160;204;48;2;219;160;204m▀[38;2;219;160;204;48;2;219;160;204m▀[38;2;219;160;204;48;2;219;160;204m▀[38;2;219;160;204;48;2;219;160;204m▀[38;2;219;160;204;48;2;219;160;204m▀[38;2;0;0;0;48;2;0;0;0m▀[38;2;0;0;0;48;2;0;0;0m▀[0m [0m [0m [0m [0m
[0m [0m [0m [0m [0m [0m [38;2;0;0;0;48;2;0;0;0m▀[38;2;0;0;0;48;2;0;0;0m▀[38;2;0;0;0;48;2;0;0;0m▀[38;2;0;0;0;48;2;0;0;0m▀[38;2;0;0;0;48;2;0;0;0m▀[38;2;0;0;0;48;2;0;0;0m▀[38;2;0;0;0;48;2;0;0;0m▀[38;2;0;0;0;48;2;0;0;0m▀[38;2;0;0;0;48;2;0;0;0m▀[38;2;0;0;0;48;2;0;0;0m▀[38;2;0;0;0;48;2;0;0;0m▀[38;2;0;0;0;48;2;0;0;0m▀[38;2;0;0;0;48;2;0;0;0m▀[38;2;0;0;0;48;2;0;0;0m▀[38;2;0;0;0;48;2;0;0;0m▀[38;2;0;0;0;48;2;0;0;0m▀[38;2;0;0;0;48;2;0;0;0m▀[38;2;0;0;0;48;2;0;0;0m▀[38;2;0;0;0;48;2;0;0;0m▀[38;2;0;0;0;48;2;0;0;0m▀[0m [0m [0m [0m [0m [0m [0m
