[0m [0m [0m [0m [0m [0m [0m [0m [0m [0m [0m [0m [0m [0m [0m [0m [0m [0m [0m [0m [0m [0m [0m [0m [0m [0m [0m [0m [0m [0m [0m [0m [0m
[0m [0m [0m [0m [0m [0m [0m [0m [38;2;0;0;0;48;2;0;0;0m▀[38;2;0;0;0;48;2;0;0;0m▀[0m [0m [38;2;0;0;0;48;2;0;0;0m▀[38;2;0;0;0;48;2;0;0;0m▀[0m [0m [0m [0m [0m [0m [38;2;0;0;0;48;2;0;0;0m▀[38;2;0;0;0;48;2;0;0;0m▀[0m [0m [0m [0m [0m [0m [0m [0m [0m [0m [0m
[0m [0m [0m [0m [0m [0m [38;2;0;0;0;48;2;0;0;0m▀[38;2;0;0;0;48;2;0;0;0m▀[38;2;248;248;248;48;2;248;248;248m▀[38;2;248;248;248;48;2;248;248;248m▀[38;2;0;0;0;48;2;0;0;0m▀[38;2;0;0;0;48;2;0;0;0m▀[38;2;248;248;248;48;2;248;248;248m▀[38;2;248;248;248;48;2;248;248;248m▀[38;2;0;0;0;48;2;0;0;0m▀[38;2;0;0;0;48;2;0;0;0m▀[0m [0m [38;2;0;0;0;48;2;0;0;0m▀[38;2;0;0;0;48;2;0;0;0m▀[38;2;248;248;248;48;2;248;248;248m▀[38;2;248;248;248;48;2;248;248;248m▀[38;2;0;0;0;48;2;0;0;0m▀[38;2;0;0;0;48;2;0;0;0m▀[0m [0m [0m [0m [0m [0m [0m [0m [0m
[0m [0m [0m [0m [0m [0m [38;2;0;0;0;48;2;0;0;0m▀[38;2;0;0;0;48;2;0;0;0m▀[38;2;248;248;248;48;2;248;248;248m▀[38;2;248;248;248;48;2;248;248;248m▀[38;2;0;0;0;48;2;0;0;0m▀[38;2;0;0;0;48;2;0;0;0m▀[38;2;120;120;120;48;2;120;120;120m▀[38;2;120;120;120;48;2;120;120;120m▀[38;2;0;0;0;48;2;0;0;0m▀[38;2;0;0;0;48;2;0;0;0m▀[38;2;0;0;0;48;2;0;0;0m▀[38;2;0;0;0;48;2;0;0;0m▀[38;2;0;0;0;48;2;0;0;0m▀[38;2;0;0;0;48;2;0;0;0m▀[38;2;248;248;248;48;2;248;248;248m▀[38;2;248;248;248;48;2;248;248;248m▀[38;2;0;0;0;48;2;0;0;0m▀[38;2;0;0;0;48;2;0;0;0m▀[0m [0m [0m [0m [0m [0m [0m [0m [0m
[0m [0m [0m [0m [0m [0m [38;2;0;0;0;48;2;0;0;0m▀[38;2;0;0;0;48;2;0;0;0m▀[38;2;120;120;120;48;2;120;120;120m▀[38;2;120;120;120;48;2;120;120;120m▀[38;2;0;0;0;48;2;0;0;0m▀[38;2;0;0;0;48;2;0;0;0m▀[38;2;120;120;120;48;2;120;120;120m▀[38;2;120;120;120;48;2;120;120;120m▀[38;2;0;0;0;48;2;0;0;0m▀[38;2;0;0;0;48;2;0;0;0m▀[38;2;120;120;120;48;2;120;120;120m▀[38;2;120;120;120;48;2;120;120;120m▀[38;2;0;0;0;48;2;0;0;0m▀[38;2;0;0;0;48;2;0;0;0m▀[38;2;120;120;120;48;2;120;120;120m▀[38;2;120;120;120;48;2;120;120;120m▀[38;2;0;0;0;48;2;0;0;0m▀[38;2;0;0;0;48;2;0;0;0m▀[0m [0m [0m [0m [0m [0m [0m [0m [0m
[0m [0m [0m [0m [0m [0m [38;2;0;0;0;48;2;0;0;0m▀[38;2;0;0;0;48;2;0;0;0m▀[38;2;0;0;0;48;2;0;0;0m▀[38;2;0;0;0;48;2;0;0;0m▀[38;2;0;0;0;48;2;0;0;0m▀[38;2;0;0;0;48;2;0;0;0m▀[38;2;120;120;120;48;2;120;120;120m▀[38;2;120;120;120;48;2;120;120;120m▀[38;2;0;0;0;48;2;0;0;0m▀[38;2;0;0;0;48;2;0;0;0m▀[38;2;0;0;0;48;2;0;0;0m▀[38;2;0;0;0;48;2;0;0;0m▀[38;2;0;0;0;48;2;0;0;0m▀[38;2;0;0;0;48;2;0;0;0m▀[38;2;120;120;120;48;2;120;120;120m▀[38;2;120;120;120;48;2;120;120;120m▀[38;2;0;0;0;48;2;0;0;0m▀[38;2;0;0;0;48;2;0;0;0m▀[0m [0m [0m [0m [0m [0m [0m [0m [0m
[0m [0m [0m [0m [0m [0m [0m [0m [38;2;0;0;0;48;2;0;0;0m▀[38;2;0;0;0;48;2;0;0;0m▀[38;2;88;80;8;48;2;88;80;8m▀[38;2;88;80;8;48;2;88;80;8m▀[38;2;0;0;0;48;2;0;0;0m▀[38;2;0;0;0;48;2;0;0;0m▀[38;2;88;80;8;48;2;88;80;8m▀[38;2;88;80;8;48;2;88;80;8m▀[38;2;88;80;8;48;2;88;80;8m▀[38;2;88;80;8;48;2;88;80;8m▀[38;2;88;80;8;48;2;88;80;8m▀[38;2;88;80;8;48;2;88;80;8m▀[38;2;0;0;0;48;2;0;0;0m▀[38;2;0;0;0;48;2;0;0;0m▀[0m [0m [0m [0m [0m [0m [0m [0m [0m [0m [0m
[0m [0m [0m [0m [0m [0m [38;2;0;0;0;48;2;0;0;0m▀[38;2;0;0;0;48;2;0;0;0m▀[38;2;232;224;40;48;2;232;224;40m▀[38;2;232;224;40;48;2;232;224;40m▀[38;2;88;80;8;48;2;88;80;8m▀[38;2;88;80;8;48;2;88;80;8m▀[38;2;232;224;40;48;2;232;224;40m▀[38;2;232;224;40;48;2;232;224;40m▀[38;2;88;80;8;48;2;88;80;8m▀[38;2;88;80;8;48;2;88;80;8m▀[38;2;200;144;40;48;2;200;144;40m▀[38;2;200;144;40;48;2;200;144;40m▀[38;2;200;144;40;48;2;200;144;40m▀[38;2;200;144;40;48;2;200;144;40m▀[38;2;88;80;8;48;2;88;80;8m▀[38;2;88;80;8;48;2;88;80;8m▀[38;2;0;0;0;48;2;0;0;0m▀[38;2;0;0;0;48;2;0;0;0m▀[0m [0m [0m [0m [0m [0m [0m [0m [0m
[0m [0m [0m [0m [38;2;0;0;0;48;2;0;0;0m▀[38;2;0;0;0;48;2;0;0;0m▀[38;2;0;0;0;48;2;0;0;0m▀[38;2;0;0;0;48;2;0;0;0m▀[38;2;0;0;0;48;2;0;0;0m▀[38;2;0;0;0;48;2;0;0;0m▀[38;2;232;224;40;48;2;232;224;40m▀[38;2;232;224;40;48;2;232;224;40m▀[38;2;232;224;40;48;2;232;224;40m▀[38;2;232;224;40;48;2;232;224;40m▀[38;2;232;224;40;48;2;232;224;40m▀[38;2;232;224;40;48;2;232;224;40m▀[38;2;0;0;0;48;2;0;0;0m▀[38;2;0;0;0;48;2;0;0;0m▀[38;2;0;0;0;48;2;0;0;0m▀[38;2;0;0;0;48;2;0;0;0m▀[38;2;88;80;8;48;2;88;80;8m▀[38;2;88;80;8;48;2;88;80;8m▀[38;2;88;80;8;48;2;88;80;8m▀[38;2;88;80;8;48;2;88;80;8m▀[38;2;0;0;0;48;2;0;0;0m▀[38;2;0;0;0;48;2;0;0;0m▀[0m [0m [0m [0m [0m [0m [0m
[0m [0m [0m [0m [38;2;0;0;0;48;2;0;0;0m▀[38;2;0;0;0;48;2;0;0;0m▀[38;2;232;224;40;48;2;232;224;40m▀[38;2;232;224;40;48;2;232;224;40m▀[38;2;160;0;0;48;2;160;0;0m▀[38;2;160;0;0;48;2;160;0;0m▀[38;2;0;0;0;48;2;0;0;0m▀[38;2;0;0;0;48;2;0;0;0m▀[38;2;200;144;40;48;2;200;144;40m▀[38;2;200;144;40;48;2;200;144;40m▀[38;2;0;0;0;48;2;0;0;0m▀[38;2;0;0;0;48;2;0;0;0m▀[38;2;160;0;0;48;2;160;0;0m▀[38;2;160;0;0;48;2;160;0;0m▀[38;2;88;80;8;48;2;88;80;8m▀[38;2;88;80;8;48;2;88;80;8m▀[38;2;88;80;8;48;2;88;80;8m▀[38;2;88;80;8;48;2;88;80;8m▀[38;2;200;144;40;48;2;200;144;40m▀[38;2;200;144;40;48;2;200;144;40m▀[38;2;0;0;0;48;2;0;0;0m▀[38;2;0;0;0;48;2;0;0;0m▀[0m [0m [0m [0m [0m [0m [0m
[0m [0m [38;2;0;0;0;48;2;0;0;0m▀[38;2;0;0;0;48;2;0;0;0m▀[38;2;88;80;8;48;2;88;80;8m▀[38;2;88;80;8;48;2;88;80;8m▀[38;2;232;224;40;48;2;232;224;40m▀[38;2;232;224;40;48;2;232;224;40m▀[38;2;232;224;40;48;2;232;224;40m▀[38;2;232;224;40;48;2;232;224;40m▀[38;2;232;224;40;48;2;232;224;40m▀[38;2;232;224;40;48;2;232;224;40m▀[38;2;232;224;40;48;2;232;224;40m▀[38;2;232;224;40;48;2;232;224;40m▀[38;2;232;224;40;48;2;232;224;40m▀[38;2;232;224;40;48;2;232;224;40m▀[38;2;232;224;40;48;2;232;224;40m▀[38;2;232;224;40;48;2;232;224;40m▀[38;2;200;144;40;48;2;200;144;40m▀[38;2;200;144;40;48;2;200;144;40m▀[38;2;200;144;40;48;2;200;144;40m▀[38;2;200;144;40;48;2;200;144;40m▀[38;2;88;80;8;48;2;88;80;8m▀[38;2;88;80;8;48;2;88;80;8m▀[38;2;88;80;8;48;2;88;80;8m▀[38;2;88;80;8;48;2;88;80;8m▀[38;2;0;0;0;48;2;0;0;0m▀[38;2;0;0;0;48;2;0;0;0m▀[0m [0m [0m [0m [0m
[0m [0m [38;2;0;0;0;48;2;0;0;0m▀[38;2;0;0;0;48;2;0;0;0m▀[38;2;232;224;40;48;2;232;224;40m▀[38;2;232;224;40;48;2;232;224;40m▀[38;2;0;0;0;48;2;0;0;0m▀[38;2;0;0;0;48;2;0;0;0m▀[38;2;200;144;40;48;2;200;144;40m▀[38;2;200;144;40;48;2;200;144;40m▀[38;2;200;144;40;48;2;200;144;40m▀[38;2;200;144;40;48;2;200;144;40m▀[38;2;0;0;0;48;2;0;0;0m▀[38;2;0;0;0;48;2;0;0;0m▀[38;2;200;144;40;48;2;200;144;40m▀[38;2;200;144;40;48;2;200;144;40m▀[38;2;200;144;40;48;2;200;144;40m▀[38;2;200;144;40;48;2;200;144;40m▀[38;2;0;0;0;48;2;0;0;0m▀[38;2;0;0;0;48;2;0;0;0m▀[38;2;88;80;8;48;2;88;80;8m▀[38;2;88;80;8;48;2;88;80;8m▀[38;2;88;80;8;48;2;88;80;8m▀[38;2;88;80;8;48;2;88;80;8m▀[38;2;0;0;0;48;2;0;0;0m▀[38;2;0;0;0;48;2;0;0;0m▀[38;2;0;0;0;48;2;0;0;0m▀[38;2;0;0;0;48;2;0;0;0m▀[0m [0m [0m [0m [0m
[38;2;0;0;0;48;2;0;0;0m▀[38;2;0;0;0;48;2;0;0;0m▀[38;2;232;224;40;48;2;232;224;40m▀[38;2;232;224;40;48;2;232;224;40m▀[38;2;0;0;0;48;2;0;0;0m▀[38;2;0;0;0;48;2;0;0;0m▀[38;2;248;248;248;48;2;248;248;248m▀[38;2;248;248;248;48;2;248;248;248m▀[38;2;0;0;0;48;2;0;0;0m▀[38;2;0;0;0;48;2;0;0;0m▀[38;2;0;0;0;48;2;0;0;0m▀[38;2;0;0;0;48;2;0;0;0m▀[38;2;248;248;248;48;2;248;248;248m▀[38;2;248;248;248;48;2;248;248;248m▀[38;2;0;0;0;48;2;0;0;0m▀[38;2;0;0;0;48;2;0;0;0m▀[38;2;0;0;0;48;2;0;0;0m▀[38;2;0;0;0;48;2;0;0;0m▀[38;2;248;248;248;48;2;248;248;248m▀[38;2;248;248;248;48;2;248;248;248m▀[38;2;0;0;0;48;2;0;0;0m▀[38;2;0;0;0;48;2;0;0;0m▀[38;2;0;0;0;48;2;0;0;0m▀[38;2;0;0;0;48;2;0;0;0m▀[38;2;200;144;40;48;2;200;144;40m▀[38;2;200;144;40;48;2;200;144;40m▀[38;2;88;80;8;48;2;88;80;8m▀[38;2;88;80;8;48;2;88;80;8m▀[38;2;0;0;0;48;2;0;0;0m▀[38;2;0;0;0;48;2;0;0;0m▀[0m [0m [0m
[38;2;0;0;0;48;2;0;0;0m▀[38;2;0;0;0;48;2;0;0;0m▀[38;2;232;224;40;48;2;232;224;40m▀[38;2;232;224;40;48;2;232;224;40m▀[38;2;232;224;40;48;2;232;224;40m▀[38;2;232;224;40;48;2;232;224;40m▀[38;2;0;0;0;48;2;0;0;0m▀[38;2;0;0;0;48;2;0;0;0m▀[38;2;232;224;40;48;2;232;224;40m▀[38;2;232;224;40;48;2;232;224;40m▀[38;2;232;224;40;48;2;232;224;40m▀[38;2;232;224;40;48;2;232;224;40m▀[38;2;0;0;0;48;2;0;0;0m▀[38;2;0;0;0;48;2;0;0;0m▀[38;2;200;144;40;48;2;200;144;40m▀[38;2;200;144;40;48;2;200;144;40m▀[38;2;200;144;40;48;2;200;144;40m▀[38;2;200;144;40;48;2;200;144;40m▀[38;2;0;0;0;48;2;0;0;0m▀[38;2;0;0;0;48;2;0;0;0m▀[38;2;200;144;40;48;2;200;144;40m▀[38;2;200;144;40;48;2;200;144;40m▀[38;2;200;144;40;48;2;200;144;40m▀[38;2;200;144;40;48;2;200;144;40m▀[38;2;88;80;8;48;2;88;80;8m▀[38;2;88;80;8;48;2;88;80;8m▀[38;2;88;80;8;48;2;88;80;8m▀[38;2;88;80;8;48;2;88;80;8m▀[38;2;0;0;0;48;2;0;0;0m▀[38;2;0;0;0;48;2;0;0;0m▀[0m [0m [0m
[0m [0m [38;2;0;0;0;48;2;0;0;0m▀[38;2;0;0;0;48;2;0;0;0m▀[38;2;200;144;40;48;2;200;144;40m▀[38;2;200;144;40;48;2;200;144;40m▀[38;2;200;144;40;48;2;200;144;40m▀[38;2;200;144;40;48;2;200;144;40m▀[38;2;200;144;40;48;2;200;144;40m▀[38;2;200;144;40;48;2;200;144;40m▀[38;2;200;144;40;48;2;200;144;40m▀[38;2;200;144;40;48;2;200;144;40m▀[38;2;200;144;40;48;2;200;144;40m▀[38;2;200;144;40;48;2;200;144;40m▀[38;2;88;80;8;48;2;88;80;8m▀[38;2;88;80;8;48;2;88;80;8m▀[38;2;88;80;8;48;2;88;80;8m▀[38;2;88;80;8;48;2;88;80;8m▀[38;2;88;80;8;48;2;88;80;8m▀[38;2;88;80;8;48;2;88;80;8m▀[38;2;88;80;8;48;2;88;80;8m▀[38;2;88;80;8;48;2;88;80;8m▀[38;2;88;80;8;48;2;88;80;8m▀[38;2;88;80;8;48;2;88;80;8m▀[38;2;88;80;8;48;2;88;80;8m▀[38;2;88;80;8;48;2;88;80;8m▀[38;2;0;0;0;48;2;0;0;0m▀[38;2;0;0;0;48;2;0;0;0m▀[0m [0m [0m [0m [0m
[0m [0m [0m [0m [38;2;0;0;0;48;2;0;0;0m▀[38;2;0;0;0;48;2;0;0;0m▀[38;2;0;0;0;48;2;0;0;0m▀[38;2;0;0;0;48;2;0;0;0m▀[38;2;0;0;0;48;2;0;0;0m▀[38;2;0;0;0;48;2;0;0;0m▀[38;2;0;0;0;48;2;0;0;0m▀[38;2;0;0;0;48;2;0;0;0m▀[38;2;0;0;0;48;2;0;0;0m▀[38;2;0;0;0;48;2;0;0;0m▀[38;2;0;0;0;48;2;0;0;0m▀[38;2;0;0;0;48;2;0;0;0m▀[38;2;0;0;0;48;2;0;0;0m▀[38;2;0;0;0;48;2;0;0;0m▀[38;2;0;0;0;48;2;0;0;0m▀[38;2;0;0;0;48;2;0;0;0m▀[38;2;0;0;0;48;2;0;0;0m▀[38;2;0;0;0;48;2;0;0;0m▀[38;2;0;0;0;48;2;0;0;0m▀[38;2;0;0;0;48;2;0;0;0m▀[38;2;0;0;0;48;2;0;0;0m▀[38;2;0;0;0;48;2;0;0;0m▀[0m [0m [0m [0m [0m [0m [0m
