[0m [0m [0m [0m [0m [0m [0m [0m [0m [0m [0m [0m [38;2;8;0;0;48;2;8;0;0m▀[38;2;8;0;0;48;2;8;0;0m▀[0m [0m [38;2;8;0;0;48;2;8;0;0m▀[38;2;8;0;0;48;2;8;0;0m▀[0m [0m [0m [0m [0m [0m [0m [0m [0m [0m [0m [0m [0m [0m [0m
[0m [0m [0m [0m [0m [0m [0m [0m [0m [0m [38;2;8;0;0;48;2;8;0;0m▀[38;2;8;0;0;48;2;8;0;0m▀[38;2;255;255;255;48;2;255;255;255m▀[38;2;255;255;255;48;2;255;255;255m▀[38;2;8;0;0;48;2;8;0;0m▀[38;2;8;0;0;48;2;8;0;0m▀[38;2;255;255;255;48;2;255;255;255m▀[38;2;255;255;255;48;2;255;255;255m▀[38;2;8;0;0;48;2;8;0;0m▀[38;2;8;0;0;48;2;8;0;0m▀[0m [0m [0m [0m [0m [0m [0m [0m [0m [0m [0m [0m [0m
[0m [0m [0m [0m [0m [0m [0m [0m [0m [0m [38;2;8;0;0;48;2;8;0;0m▀[38;2;8;0;0;48;2;8;0;0m▀[38;2;214;239;247;48;2;214;239;247m▀[38;2;214;239;247;48;2;214;239;247m▀[38;2;41;90;165;48;2;41;90;165m▀[38;2;41;90;165;48;2;41;90;165m▀[38;2;214;239;247;48;2;214;239;247m▀[38;2;214;239;247;48;2;214;239;247m▀[38;2;8;0;0;48;2;8;0;0m▀[38;2;8;0;0;48;2;8;0;0m▀[0m [0m [0m [0m [0m [0m [0m [0m [0m [0m [0m [0m [0m
[0m [0m [0m [0m [0m [0m [0m [0m [38;2;8;0;0;48;2;8;0;0m▀[38;2;8;0;0;48;2;8;0;0m▀[38;2;173;222;247;48;2;173;222;247m▀[38;2;173;222;247;48;2;173;222;247m▀[38;2;173;222;247;48;2;173;222;247m▀[38;2;173;222;247;48;2;173;222;247m▀[38;2;173;222;247;48;2;173;222;247m▀[38;2;173;222;247;48;2;173;222;247m▀[38;2;173;222;247;48;2;173;222;247m▀[38;2;173;222;247;48;2;173;222;247m▀[38;2;8;0;0;48;2;8;0;0m▀[38;2;8;0;0;48;2;8;0;0m▀[0m [0m [0m [0m [0m [0m [0m [0m [0m [0m [0m [0m [0m
[0m [0m [0m [0m [0m [0m [38;2;8;0;0;48;2;8;0;0m▀[38;2;8;0;0;48;2;8;0;0m▀[38;2;173;222;247;48;2;173;222;247m▀[38;2;173;222;247;48;2;173;222;247m▀[38;2;255;255;255;48;2;255;255;255m▀[38;2;255;255;255;48;2;255;255;255m▀[38;2;255;41;41;48;2;255;41;41m▀[38;2;255;41;41;48;2;255;41;41m▀[38;2;255;41;41;48;2;255;41;41m▀[38;2;255;41;41;48;2;255;41;41m▀[38;2;8;0;0;48;2;8;0;0m▀[38;2;8;0;0;48;2;8;0;0m▀[38;2;173;222;247;48;2;173;222;247m▀[38;2;173;222;247;48;2;173;222;247m▀[38;2;8;0;0;48;2;8;0;0m▀[38;2;8;0;0;48;2;8;0;0m▀[0m [0m [0m [0m [0m [0m [0m [0m [0m [0m [0m
[0m [0m [0m [0m [38;2;8;0;0;48;2;8;0;0m▀[38;2;8;0;0;48;2;8;0;0m▀[38;2;255;255;255;48;2;255;255;255m▀[38;2;255;255;255;48;2;255;255;255m▀[38;2;255;255;255;48;2;255;255;255m▀[38;2;255;255;255;48;2;255;255;255m▀[38;2;255;41;41;48;2;255;41;41m▀[38;2;255;41;41;48;2;255;41;41m▀[38;2;255;41;41;48;2;255;41;41m▀[38;2;255;41;41;48;2;255;41;41m▀[38;2;8;0;0;48;2;8;0;0m▀[38;2;8;0;0;48;2;8;0;0m▀[38;2;173;222;247;48;2;173;222;247m▀[38;2;173;222;247;48;2;173;222;247m▀[38;2;123;206;239;48;2;123;206;239m▀[38;2;123;206;239;48;2;123;206;239m▀[38;2;8;0;0;48;2;8;0;0m▀[38;2;8;0;0;48;2;8;0;0m▀[0m [0m [0m [0m [0m [0m [0m [0m [0m [0m [0m
[0m [0m [0m [0m [38;2;8;0;0;48;2;8;0;0m▀[38;2;8;0;0;48;2;8;0;0m▀[38;2;123;206;239;48;2;123;206;239m▀[38;2;123;206;239;48;2;123;206;239m▀[38;2;123;206;239;48;2;123;206;239m▀[38;2;123;206;239;48;2;123;206;239m▀[38;2;123;206;239;48;2;123;206;239m▀[38;2;123;206;239;48;2;123;206;239m▀[38;2;123;206;239;48;2;123;206;239m▀[38;2;123;206;239;48;2;123;206;239m▀[38;2;123;206;239;48;2;123;206;239m▀[38;2;123;206;239;48;2;123;206;239m▀[38;2;123;206;239;48;2;123;206;239m▀[38;2;123;206;239;48;2;123;206;239m▀[38;2;90;140;198;48;2;90;140;198m▀[38;2;90;140;198;48;2;90;140;198m▀[38;2;8;0;0;48;2;8;0;0m▀[38;2;8;0;0;48;2;8;0;0m▀[38;2;8;0;0;48;2;8;0;0m▀[38;2;8;0;0;48;2;8;0;0m▀[0m [0m [0m [0m [0m [0m [0m [0m [0m
[0m [0m [0m [0m [0m [0m [38;2;8;0;0;48;2;8;0;0m▀[38;2;8;0;0;48;2;8;0;0m▀[38;2;255;255;255;48;2;255;255;255m▀[38;2;255;255;255;48;2;255;255;255m▀[38;2;255;255;255;48;2;255;255;255m▀[38;2;255;255;255;48;2;255;255;255m▀[38;2;255;255;255;48;2;255;255;255m▀[38;2;255;255;255;48;2;255;255;255m▀[38;2;8;0;0;48;2;8;0;0m▀[38;2;8;0;0;48;2;8;0;0m▀[38;2;8;0;0;48;2;8;0;0m▀[38;2;8;0;0;48;2;8;0;0m▀[38;2;8;0;0;48;2;8;0;0m▀[38;2;8;0;0;48;2;8;0;0m▀[38;2;255;247;107;48;2;255;247;107m▀[38;2;255;247;107;48;2;255;247;107m▀[38;2;198;189;66;48;2;198;189;66m▀[38;2;198;189;66;48;2;198;189;66m▀[38;2;8;0;0;48;2;8;0;0m▀[38;2;8;0;0;48;2;8;0;0m▀[0m [0m [0m [0m [0m [0m [0m
[0m [0m [0m [0m [38;2;8;0;0;48;2;8;0;0m▀[38;2;8;0;0;48;2;8;0;0m▀[38;2;255;247;107;48;2;255;247;107m▀[38;2;255;247;107;48;2;255;247;107m▀[38;2;8;0;0;48;2;8;0;0m▀[38;2;8;0;0;48;2;8;0;0m▀[38;2;8;0;0;48;2;8;0;0m▀[38;2;8;0;0;48;2;8;0;0m▀[38;2;8;0;0;48;2;8;0;0m▀[38;2;8;0;0;48;2;8;0;0m▀[38;2;123;206;239;48;2;123;206;239m▀[38;2;123;206;239;48;2;123;206;239m▀[38;2;123;206;239;48;2;123;206;239m▀[38;2;123;206;239;48;2;123;206;239m▀[38;2;8;0;0;48;2;8;0;0m▀[38;2;8;0;0;48;2;8;0;0m▀[38;2;41;90;165;48;2;41;90;165m▀[38;2;41;90;165;48;2;41;90;165m▀[38;2;41;90;165;48;2;41;90;165m▀[38;2;41;90;165;48;2;41;90;165m▀[38;2;8;0;0;48;2;8;0;0m▀[38;2;8;0;0;48;2;8;0;0m▀[0m [0m [0m [0m [0m [0m [0m
[0m [0m [0m [0m [38;2;8;0;0;48;2;8;0;0m▀[38;2;8;0;0;48;2;8;0;0m▀[38;2;8;0;0;48;2;8;0;0m▀[38;2;8;0;0;48;2;8;0;0m▀[38;2;123;206;239;48;2;123;206;239m▀[38;2;123;206;239;48;2;123;206;239m▀[38;2;255;255;255;48;2;255;255;255m▀[38;2;255;255;255;48;2;255;255;255m▀[38;2;255;255;255;48;2;255;255;255m▀[38;2;255;255;255;48;2;255;255;255m▀[38;2;123;206;239;48;2;123;206;239m▀[38;2;123;206;239;48;2;123;206;239m▀[38;2;41;90;165;48;2;41;90;165m▀[38;2;41;90;165;48;2;41;90;165m▀[38;2;8;0;0;48;2;8;0;0m▀[38;2;8;0;0;48;2;8;0;0m▀[38;2;8;0;0;48;2;8;0;0m▀[38;2;8;0;0;48;2;8;0;0m▀[38;2;8;0;0;48;2;8;0;0m▀[38;2;8;0;0;48;2;8;0;0m▀[0m [0m [0m [0m [0m [0m [0m [0m [0m
[0m [0m [38;2;8;0;0;48;2;8;0;0m▀[38;2;8;0;0;48;2;8;0;0m▀[38;2;255;247;107;48;2;255;247;107m▀[38;2;255;247;107;48;2;255;247;107m▀[38;2;41;90;165;48;2;41;90;165m▀[38;2;41;90;165;48;2;41;90;165m▀[38;2;8;0;0;48;2;8;0;0m▀[38;2;8;0;0;48;2;8;0;0m▀[38;2;255;41;41;48;2;255;41;41m▀[38;2;255;41;41;48;2;255;41;41m▀[38;2;255;41;41;48;2;255;41;41m▀[38;2;255;41;41;48;2;255;41;41m▀[38;2;8;0;0;48;2;8;0;0m▀[38;2;8;0;0;48;2;8;0;0m▀[38;2;8;0;0;48;2;8;0;0m▀[38;2;8;0;0;48;2;8;0;0m▀[38;2;255;247;107;48;2;255;247;107m▀[38;2;255;247;107;48;2;255;247;107m▀[38;2;41;90;165;48;2;41;90;165m▀[38;2;41;90;165;48;2;41;90;165m▀[38;2;41;90;165;48;2;41;90;165m▀[38;2;41;90;165;48;2;41;90;165m▀[38;2;8;0;0;48;2;8;0;0m▀[38;2;8;0;0;48;2;8;0;0m▀[0m [0m [0m [0m [0m [0m [0m
[0m [0m [38;2;8;0;0;48;2;8;0;0m▀[38;2;8;0;0;48;2;8;0;0m▀[38;2;198;189;66;48;2;198;189;66m▀[38;2;198;189;66;48;2;198;189;66m▀[38;2;8;0;0;48;2;8;0;0m▀[38;2;8;0;0;48;2;8;0;0m▀[38;2;107;107;107;48;2;107;107;107m▀[38;2;107;107;107;48;2;107;107;107m▀[38;2;8;0;0;48;2;8;0;0m▀[38;2;8;0;0;48;2;8;0;0m▀[38;2;8;0;0;48;2;8;0;0m▀[38;2;8;0;0;48;2;8;0;0m▀[38;2;107;107;107;48;2;107;107;107m▀[38;2;107;107;107;48;2;107;107;107m▀[38;2;8;0;0;48;2;8;0;0m▀[38;2;8;0;0;48;2;8;0;0m▀[38;2;198;189;66;48;2;198;189;66m▀[38;2;198;189;66;48;2;198;189;66m▀[38;2;41;90;165;48;2;41;90;165m▀[38;2;41;90;165;48;2;41;90;165m▀[38;2;255;247;107;48;2;255;247;107m▀[38;2;255;247;107;48;2;255;247;107m▀[38;2;8;0;0;48;2;8;0;0m▀[38;2;8;0;0;48;2;8;0;0m▀[0m [0m [0m [0m [0m [0m [0m
[0m [0m [0m [0m [38;2;8;0;0;48;2;8;0;0m▀[38;2;8;0;0;48;2;8;0;0m▀[38;2;8;0;0;48;2;8;0;0m▀[38;2;8;0;0;48;2;8;0;0m▀[38;2;173;222;247;48;2;173;222;247m▀[38;2;173;222;247;48;2;173;222;247m▀[38;2;255;247;107;48;2;255;247;107m▀[38;2;255;247;107;48;2;255;247;107m▀[38;2;41;90;165;48;2;41;90;165m▀[38;2;41;90;165;48;2;41;90;165m▀[38;2;41;90;165;48;2;41;90;165m▀[38;2;41;90;165;48;2;41;90;165m▀[38;2;90;140;198;48;2;90;140;198m▀[38;2;90;140;198;48;2;90;140;198m▀[38;2;8;0;0;48;2;8;0;0m▀[38;2;8;0;0;48;2;8;0;0m▀[38;2;8;0;0;48;2;8;0;0m▀[38;2;8;0;0;48;2;8;0;0m▀[38;2;8;0;0;48;2;8;0;0m▀[38;2;8;0;0;48;2;8;0;0m▀[0m [0m [0m [0m [0m [0m [0m [0m [0m
[0m [0m [0m [0m [38;2;8;0;0;48;2;8;0;0m▀[38;2;8;0;0;48;2;8;0;0m▀[38;2;90;140;198;48;2;90;140;198m▀[38;2;90;140;198;48;2;90;140;198m▀[38;2;41;90;165;48;2;41;90;165m▀[38;2;41;90;165;48;2;41;90;165m▀[38;2;8;0;0;48;2;8;0;0m▀[38;2;8;0;0;48;2;8;0;0m▀[38;2;8;0;0;48;2;8;0;0m▀[38;2;8;0;0;48;2;8;0;0m▀[38;2;8;0;0;48;2;8;0;0m▀[38;2;8;0;0;48;2;8;0;0m▀[38;2;8;0;0;48;2;8;0;0m▀[38;2;8;0;0;48;2;8;0;0m▀[38;2;90;140;198;48;2;90;140;198m▀[38;2;90;140;198;48;2;90;140;198m▀[38;2;41;90;165;48;2;41;90;165m▀[38;2;41;90;165;48;2;41;90;165m▀[38;2;41;90;165;48;2;41;90;165m▀[38;2;41;90;165;48;2;41;90;165m▀[38;2;8;0;0;48;2;8;0;0m▀[38;2;8;0;0;48;2;8;0;0m▀[0m [0m [0m [0m [0m [0m [0m
[0m [0m [38;2;8;0;0;48;2;8;0;0m▀[38;2;8;0;0;48;2;8;0;0m▀[38;2;255;247;107;48;2;255;247;107m▀[38;2;255;247;107;48;2;255;247;107m▀[38;2;8;0;0;48;2;8;0;0m▀[38;2;8;0;0;48;2;8;0;0m▀[38;2;198;189;66;48;2;198;189;66m▀[38;2;198;189;66;48;2;198;189;66m▀[38;2;8;0;0;48;2;8;0;0m▀[38;2;8;0;0;48;2;8;0;0m▀[0m [0m [0m [0m [38;2;8;0;0;48;2;8;0;0m▀[38;2;8;0;0;48;2;8;0;0m▀[38;2;8;0;0;48;2;8;0;0m▀[38;2;8;0;0;48;2;8;0;0m▀[38;2;198;189;66;48;2;198;189;66m▀[38;2;198;189;66;48;2;198;189;66m▀[38;2;8;0;0;48;2;8;0;0m▀[38;2;8;0;0;48;2;8;0;0m▀[38;2;173;165;49;48;2;173;165;49m▀[38;2;173;165;49;48;2;173;165;49m▀[38;2;8;0;0;48;2;8;0;0m▀[38;2;8;0;0;48;2;8;0;0m▀[0m [0m [0m [0m [0m
[0m [0m [38;2;8;0;0;48;2;8;0;0m▀[38;2;8;0;0;48;2;8;0;0m▀[38;2;8;0;0;48;2;8;0;0m▀[38;2;8;0;0;48;2;8;0;0m▀[38;2;8;0;0;48;2;8;0;0m▀[38;2;8;0;0;48;2;8;0;0m▀[38;2;8;0;0;48;2;8;0;0m▀[38;2;8;0;0;48;2;8;0;0m▀[38;2;8;0;0;48;2;8;0;0m▀[38;2;8;0;0;48;2;8;0;0m▀[0m [0m [0m [0m [0m [0m [38;2;8;0;0;48;2;8;0;0m▀[38;2;8;0;0;48;2;8;0;0m▀[38;2;8;0;0;48;2;8;0;0m▀[38;2;8;0;0;48;2;8;0;0m▀[38;2;8;0;0;48;2;8;0;0m▀[38;2;8;0;0;48;2;8;0;0m▀[38;2;8;0;0;48;2;8;0;0m▀[38;2;8;0;0;48;2;8;0;0m▀[38;2;8;0;0;48;2;8;0;0m▀[38;2;8;0;0;48;2;8;0;0m▀[0m [0m [0m [0m [0m
