[0m [0m [0m [0m [0m [0m [0m [0m [0m [0m [0m [0m [0m [0m [0m [0m [0m [0m [0m [0m [0m [0m [0m [0m [0m [0m [0m [0m [0m [0m [0m [0m [0m
[0m [0m [0m [0m [0m [0m [0m [0m [0m [0m [0m [0m [0m [0m [0m [0m [0m [0m [0m [0m [0m [0m [0m [0m [0m [0m [0m [0m [0m [0m [0m [0m [0m
[0m [0m [0m [0m [0m [0m [0m [0m [0m [0m [38;2;0;0;0;48;2;0;0;0m▀[38;2;0;0;0;48;2;0;0;0m▀[38;2;0;0;0;48;2;0;0;0m▀[38;2;0;0;0;48;2;0;0;0m▀[0m [0m [0m [0m [38;2;0;0;0;48;2;0;0;0m▀[38;2;0;0;0;48;2;0;0;0m▀[38;2;0;0;0;48;2;0;0;0m▀[38;2;0;0;0;48;2;0;0;0m▀[38;2;0;0;0;48;2;0;0;0m▀[38;2;0;0;0;48;2;0;0;0m▀[38;2;0;0;0;48;2;0;0;0m▀[38;2;0;0;0;48;2;0;0;0m▀[0m [0m [0m [0m [0m [0m [0m
[0m [0m [0m [0m [0m [0m [0m [0m [38;2;0;0;0;48;2;0;0;0m▀[38;2;0;0;0;48;2;0;0;0m▀[38;2;0;0;0;48;2;0;0;0m▀[38;2;0;0;0;48;2;0;0;0m▀[0m [0m [0m [0m [38;2;0;0;0;48;2;0;0;0m▀[38;2;0;0;0;48;2;0;0;0m▀[38;2;69;66;73;48;2;69;66;73m▀[38;2;69;66;73;48;2;69;66;73m▀[38;2;0;0;0;48;2;0;0;0m▀[38;2;0;0;0;48;2;0;0;0m▀[0m [0m [0m [0m [0m [0m [0m [0m [0m [0m [0m
[0m [0m [0m [0m [38;2;0;0;0;48;2;0;0;0m▀[38;2;0;0;0;48;2;0;0;0m▀[38;2;0;0;0;48;2;0;0;0m▀[38;2;0;0;0;48;2;0;0;0m▀[38;2;107;107;107;48;2;107;107;107m▀[38;2;107;107;107;48;2;107;107;107m▀[38;2;69;66;73;48;2;69;66;73m▀[38;2;69;66;73;48;2;69;66;73m▀[38;2;0;0;0;48;2;0;0;0m▀[38;2;0;0;0;48;2;0;0;0m▀[38;2;0;0;0;48;2;0;0;0m▀[38;2;0;0;0;48;2;0;0;0m▀[38;2;69;66;73;48;2;69;66;73m▀[38;2;69;66;73;48;2;69;66;73m▀[38;2;0;0;0;48;2;0;0;0m▀[38;2;0;0;0;48;2;0;0;0m▀[0m [0m [0m [0m [0m [0m [0m [0m [0m [0m [0m [0m [0m
[0m [0m [38;2;0;0;0;48;2;0;0;0m▀[38;2;0;0;0;48;2;0;0;0m▀[38;2;107;107;107;48;2;107;107;107m▀[38;2;107;107;107;48;2;107;107;107m▀[38;2;107;107;107;48;2;107;107;107m▀[38;2;107;107;107;48;2;107;107;107m▀[38;2;69;66;73;48;2;69;66;73m▀[38;2;69;66;73;48;2;69;66;73m▀[38;2;69;66;73;48;2;69;66;73m▀[38;2;69;66;73;48;2;69;66;73m▀[38;2;255;255;255;48;2;255;255;255m▀[38;2;255;255;255;48;2;255;255;255m▀[38;2;0;0;0;48;2;0;0;0m▀[38;2;0;0;0;48;2;0;0;0m▀[38;2;41;36;43;48;2;41;36;43m▀[38;2;41;36;43;48;2;41;36;43m▀[38;2;0;0;0;48;2;0;0;0m▀[38;2;0;0;0;48;2;0;0;0m▀[0m [0m [0m [0m [0m [0m [0m [0m [0m [0m [0m [0m [0m
[38;2;0;0;0;48;2;0;0;0m▀[38;2;0;0;0;48;2;0;0;0m▀[38;2;107;107;107;48;2;107;107;107m▀[38;2;107;107;107;48;2;107;107;107m▀[38;2;69;66;73;48;2;69;66;73m▀[38;2;69;66;73;48;2;69;66;73m▀[38;2;69;66;73;48;2;69;66;73m▀[38;2;69;66;73;48;2;69;66;73m▀[38;2;69;66;73;48;2;69;66;73m▀[38;2;69;66;73;48;2;69;66;73m▀[38;2;0;0;0;48;2;0;0;0m▀[38;2;0;0;0;48;2;0;0;0m▀[38;2;191;22;29;48;2;191;22;29m▀[38;2;191;22;29;48;2;191;22;29m▀[38;2;41;36;43;48;2;41;36;43m▀[38;2;41;36;43;48;2;41;36;43m▀[38;2;41;36;43;48;2;41;36;43m▀[38;2;41;36;43;48;2;41;36;43m▀[38;2;0;0;0;48;2;0;0;0m▀[38;2;0;0;0;48;2;0;0;0m▀[0m [0m [0m [0m [0m [0m [0m [0m [0m [0m [0m [0m [0m
[38;2;0;0;0;48;2;0;0;0m▀[38;2;0;0;0;48;2;0;0;0m▀[38;2;176;128;92;48;2;176;128;92m▀[38;2;176;128;92;48;2;176;128;92m▀[38;2;176;128;92;48;2;176;128;92m▀[38;2;176;128;92;48;2;176;128;92m▀[38;2;176;128;92;48;2;176;128;92m▀[38;2;176;128;92;48;2;176;128;92m▀[38;2;176;128;92;48;2;176;128;92m▀[38;2;176;128;92;48;2;176;128;92m▀[38;2;144;93;58;48;2;144;93;58m▀[38;2;144;93;58;48;2;144;93;58m▀[38;2;41;36;43;48;2;41;36;43m▀[38;2;41;36;43;48;2;41;36;43m▀[38;2;41;36;43;48;2;41;36;43m▀[38;2;41;36;43;48;2;41;36;43m▀[38;2;0;0;0;48;2;0;0;0m▀[38;2;0;0;0;48;2;0;0;0m▀[38;2;172;175;179;48;2;172;175;179m▀[38;2;172;175;179;48;2;172;175;179m▀[38;2;0;0;0;48;2;0;0;0m▀[38;2;0;0;0;48;2;0;0;0m▀[0m [0m [0m [0m [0m [0m [0m [0m [38;2;0;0;0;48;2;0;0;0m▀[38;2;0;0;0;48;2;0;0;0m▀[0m
[0m [0m [38;2;0;0;0;48;2;0;0;0m▀[38;2;0;0;0;48;2;0;0;0m▀[38;2;0;0;0;48;2;0;0;0m▀[38;2;0;0;0;48;2;0;0;0m▀[38;2;0;0;0;48;2;0;0;0m▀[38;2;0;0;0;48;2;0;0;0m▀[38;2;144;93;58;48;2;144;93;58m▀[38;2;144;93;58;48;2;144;93;58m▀[38;2;144;93;58;48;2;144;93;58m▀[38;2;144;93;58;48;2;144;93;58m▀[38;2;0;0;0;48;2;0;0;0m▀[38;2;0;0;0;48;2;0;0;0m▀[38;2;0;0;0;48;2;0;0;0m▀[38;2;0;0;0;48;2;0;0;0m▀[38;2;232;239;243;48;2;232;239;243m▀[38;2;232;239;243;48;2;232;239;243m▀[38;2;232;239;243;48;2;232;239;243m▀[38;2;232;239;243;48;2;232;239;243m▀[38;2;0;0;0;48;2;0;0;0m▀[38;2;0;0;0;48;2;0;0;0m▀[0m [0m [0m [0m [0m [0m [38;2;0;0;0;48;2;0;0;0m▀[38;2;0;0;0;48;2;0;0;0m▀[38;2;0;0;0;48;2;0;0;0m▀[38;2;0;0;0;48;2;0;0;0m▀[0m
[0m [0m [0m [0m [0m [0m [0m [0m [38;2;0;0;0;48;2;0;0;0m▀[38;2;0;0;0;48;2;0;0;0m▀[38;2;0;0;0;48;2;0;0;0m▀[38;2;0;0;0;48;2;0;0;0m▀[38;2;255;255;255;48;2;255;255;255m▀[38;2;255;255;255;48;2;255;255;255m▀[38;2;232;239;243;48;2;232;239;243m▀[38;2;232;239;243;48;2;232;239;243m▀[38;2;172;175;179;48;2;172;175;179m▀[38;2;172;175;179;48;2;172;175;179m▀[38;2;0;0;0;48;2;0;0;0m▀[38;2;0;0;0;48;2;0;0;0m▀[38;2;0;0;0;48;2;0;0;0m▀[38;2;0;0;0;48;2;0;0;0m▀[38;2;0;0;0;48;2;0;0;0m▀[38;2;0;0;0;48;2;0;0;0m▀[38;2;0;0;0;48;2;0;0;0m▀[38;2;0;0;0;48;2;0;0;0m▀[38;2;0;0;0;48;2;0;0;0m▀[38;2;0;0;0;48;2;0;0;0m▀[38;2;69;66;73;48;2;69;66;73m▀[38;2;69;66;73;48;2;69;66;73m▀[38;2;0;0;0;48;2;0;0;0m▀[38;2;0;0;0;48;2;0;0;0m▀[0m
[0m [0m [0m [0m [0m [0m [38;2;0;0;0;48;2;0;0;0m▀[38;2;0;0;0;48;2;0;0;0m▀[38;2;255;255;255;48;2;255;255;255m▀[38;2;255;255;255;48;2;255;255;255m▀[38;2;232;239;243;48;2;232;239;243m▀[38;2;232;239;243;48;2;232;239;243m▀[38;2;172;175;179;48;2;172;175;179m▀[38;2;172;175;179;48;2;172;175;179m▀[38;2;0;0;0;48;2;0;0;0m▀[38;2;0;0;0;48;2;0;0;0m▀[38;2;0;0;0;48;2;0;0;0m▀[38;2;0;0;0;48;2;0;0;0m▀[38;2;41;36;43;48;2;41;36;43m▀[38;2;41;36;43;48;2;41;36;43m▀[38;2;69;66;73;48;2;69;66;73m▀[38;2;69;66;73;48;2;69;66;73m▀[38;2;69;66;73;48;2;69;66;73m▀[38;2;69;66;73;48;2;69;66;73m▀[38;2;69;66;73;48;2;69;66;73m▀[38;2;69;66;73;48;2;69;66;73m▀[38;2;41;36;43;48;2;41;36;43m▀[38;2;41;36;43;48;2;41;36;43m▀[38;2;0;0;0;48;2;0;0;0m▀[38;2;0;0;0;48;2;0;0;0m▀[0m [0m [0m
[0m [0m [0m [0m [0m [0m [0m [0m [38;2;0;0;0;48;2;0;0;0m▀[38;2;0;0;0;48;2;0;0;0m▀[38;2;0;0;0;48;2;0;0;0m▀[38;2;0;0;0;48;2;0;0;0m▀[38;2;0;0;0;48;2;0;0;0m▀[38;2;0;0;0;48;2;0;0;0m▀[38;2;41;36;43;48;2;41;36;43m▀[38;2;41;36;43;48;2;41;36;43m▀[38;2;41;36;43;48;2;41;36;43m▀[38;2;41;36;43;48;2;41;36;43m▀[38;2;69;66;73;48;2;69;66;73m▀[38;2;69;66;73;48;2;69;66;73m▀[38;2;69;66;73;48;2;69;66;73m▀[38;2;69;66;73;48;2;69;66;73m▀[38;2;69;66;73;48;2;69;66;73m▀[38;2;69;66;73;48;2;69;66;73m▀[38;2;191;22;29;48;2;191;22;29m▀[38;2;191;22;29;48;2;191;22;29m▀[38;2;41;36;43;48;2;41;36;43m▀[38;2;41;36;43;48;2;41;36;43m▀[38;2;0;0;0;48;2;0;0;0m▀[38;2;0;0;0;48;2;0;0;0m▀[0m [0m [0m
[0m [0m [0m [0m [0m [0m [0m [0m [38;2;0;0;0;48;2;0;0;0m▀[38;2;0;0;0;48;2;0;0;0m▀[38;2;144;93;58;48;2;144;93;58m▀[38;2;144;93;58;48;2;144;93;58m▀[38;2;144;93;58;48;2;144;93;58m▀[38;2;144;93;58;48;2;144;93;58m▀[38;2;0;0;0;48;2;0;0;0m▀[38;2;0;0;0;48;2;0;0;0m▀[38;2;191;22;29;48;2;191;22;29m▀[38;2;191;22;29;48;2;191;22;29m▀[38;2;0;0;0;48;2;0;0;0m▀[38;2;0;0;0;48;2;0;0;0m▀[38;2;144;93;58;48;2;144;93;58m▀[38;2;144;93;58;48;2;144;93;58m▀[38;2;0;0;0;48;2;0;0;0m▀[38;2;0;0;0;48;2;0;0;0m▀[38;2;41;36;43;48;2;41;36;43m▀[38;2;41;36;43;48;2;41;36;43m▀[38;2;41;36;43;48;2;41;36;43m▀[38;2;41;36;43;48;2;41;36;43m▀[38;2;0;0;0;48;2;0;0;0m▀[38;2;0;0;0;48;2;0;0;0m▀[0m [0m [0m
[0m [0m [0m [0m [0m [0m [38;2;0;0;0;48;2;0;0;0m▀[38;2;0;0;0;48;2;0;0;0m▀[38;2;41;36;43;48;2;41;36;43m▀[38;2;41;36;43;48;2;41;36;43m▀[38;2;0;0;0;48;2;0;0;0m▀[38;2;0;0;0;48;2;0;0;0m▀[38;2;176;128;92;48;2;176;128;92m▀[38;2;176;128;92;48;2;176;128;92m▀[38;2;0;0;0;48;2;0;0;0m▀[38;2;0;0;0;48;2;0;0;0m▀[38;2;41;36;43;48;2;41;36;43m▀[38;2;41;36;43;48;2;41;36;43m▀[38;2;0;0;0;48;2;0;0;0m▀[38;2;0;0;0;48;2;0;0;0m▀[38;2;0;0;0;48;2;0;0;0m▀[38;2;0;0;0;48;2;0;0;0m▀[0m [0m [38;2;0;0;0;48;2;0;0;0m▀[38;2;0;0;0;48;2;0;0;0m▀[38;2;41;36;43;48;2;41;36;43m▀[38;2;41;36;43;48;2;41;36;43m▀[38;2;0;0;0;48;2;0;0;0m▀[38;2;0;0;0;48;2;0;0;0m▀[0m [0m [0m
[0m [0m [0m [0m [38;2;0;0;0;48;2;0;0;0m▀[38;2;0;0;0;48;2;0;0;0m▀[38;2;176;128;92;48;2;176;128;92m▀[38;2;176;128;92;48;2;176;128;92m▀[38;2;0;0;0;48;2;0;0;0m▀[38;2;0;0;0;48;2;0;0;0m▀[0m [0m [38;2;0;0;0;48;2;0;0;0m▀[38;2;0;0;0;48;2;0;0;0m▀[38;2;176;128;92;48;2;176;128;92m▀[38;2;176;128;92;48;2;176;128;92m▀[38;2;41;36;43;48;2;41;36;43m▀[38;2;41;36;43;48;2;41;36;43m▀[38;2;0;0;0;48;2;0;0;0m▀[38;2;0;0;0;48;2;0;0;0m▀[0m [0m [38;2;0;0;0;48;2;0;0;0m▀[38;2;0;0;0;48;2;0;0;0m▀[38;2;176;128;92;48;2;176;128;92m▀[38;2;176;128;92;48;2;176;128;92m▀[38;2;41;36;43;48;2;41;36;43m▀[38;2;41;36;43;48;2;41;36;43m▀[38;2;0;0;0;48;2;0;0;0m▀[38;2;0;0;0;48;2;0;0;0m▀[0m [0m [0m
[0m [0m [0m [0m [38;2;0;0;0;48;2;0;0;0m▀[38;2;0;0;0;48;2;0;0;0m▀[38;2;0;0;0;48;2;0;0;0m▀[38;2;0;0;0;48;2;0;0;0m▀[38;2;0;0;0;48;2;0;0;0m▀[38;2;0;0;0;48;2;0;0;0m▀[0m [0m [38;2;0;0;0;48;2;0;0;0m▀[38;2;0;0;0;48;2;0;0;0m▀[38;2;0;0;0;48;2;0;0;0m▀[38;2;0;0;0;48;2;0;0;0m▀[38;2;0;0;0;48;2;0;0;0m▀[38;2;0;0;0;48;2;0;0;0m▀[0m [0m [0m [0m [38;2;0;0;0;48;2;0;0;0m▀[38;2;0;0;0;48;2;0;0;0m▀[38;2;0;0;0;48;2;0;0;0m▀[38;2;0;0;0;48;2;0;0;0m▀[38;2;0;0;0;48;2;0;0;0m▀[38;2;0;0;0;48;2;0;0;0m▀[38;2;0;0;0;48;2;0;0;0m▀[38;2;0;0;0;48;2;0;0;0m▀[0m [0m [0m
