[0m [0m [0m [0m [0m [0m [0m [0m [0m [0m [0m [0m [38;2;0;0;0;48;2;0;0;0m▀[38;2;0;0;0;48;2;0;0;0m▀[38;2;0;0;0;48;2;0;0;0m▀[38;2;0;0;0;48;2;0;0;0m▀[0m [0m [0m [0m [0m [0m [0m [0m [0m [0m [0m [0m [0m [0m [0m [0m [0m
[0m [0m [0m [0m [0m [0m [0m [0m [0m [0m [38;2;0;0;0;48;2;0;0;0m▀[38;2;0;0;0;48;2;0;0;0m▀[38;2;49;99;165;48;2;49;99;165m▀[38;2;49;99;165;48;2;49;99;165m▀[38;2;0;0;0;48;2;0;0;0m▀[38;2;0;0;0;48;2;0;0;0m▀[0m [0m [0m [0m [0m [0m [0m [0m [0m [0m [0m [0m [0m [0m [0m [0m [0m
[0m [0m [0m [0m [0m [0m [38;2;0;0;0;48;2;0;0;0m▀[38;2;0;0;0;48;2;0;0;0m▀[38;2;0;0;0;48;2;0;0;0m▀[38;2;0;0;0;48;2;0;0;0m▀[38;2;74;123;198;48;2;74;123;198m▀[38;2;74;123;198;48;2;74;123;198m▀[38;2;181;181;181;48;2;181;181;181m▀[38;2;181;181;181;48;2;181;181;181m▀[38;2;0;41;115;48;2;0;41;115m▀[38;2;0;41;115;48;2;0;41;115m▀[38;2;0;0;0;48;2;0;0;0m▀[38;2;0;0;0;48;2;0;0;0m▀[38;2;0;0;0;48;2;0;0;0m▀[38;2;0;0;0;48;2;0;0;0m▀[0m [0m [0m [0m [0m [0m [0m [0m [0m [0m [0m [0m [0m
[0m [0m [0m [0m [38;2;0;0;0;48;2;0;0;0m▀[38;2;0;0;0;48;2;0;0;0m▀[38;2;90;156;239;48;2;90;156;239m▀[38;2;90;156;239;48;2;90;156;239m▀[38;2;74;123;198;48;2;74;123;198m▀[38;2;74;123;198;48;2;74;123;198m▀[38;2;181;181;181;48;2;181;181;181m▀[38;2;181;181;181;48;2;181;181;181m▀[38;2;82;156;140;48;2;82;156;140m▀[38;2;82;156;140;48;2;82;156;140m▀[38;2;8;132;140;48;2;8;132;140m▀[38;2;8;132;140;48;2;8;132;140m▀[38;2;0;0;0;48;2;0;0;0m▀[38;2;0;0;0;48;2;0;0;0m▀[0m [0m [0m [0m [0m [0m [0m [0m [0m [0m [0m [0m [0m [0m [0m
[0m [0m [38;2;0;0;0;48;2;0;0;0m▀[38;2;0;0;0;48;2;0;0;0m▀[38;2;255;255;255;48;2;255;255;255m▀[38;2;255;255;255;48;2;255;255;255m▀[38;2;222;222;222;48;2;222;222;222m▀[38;2;222;222;222;48;2;222;222;222m▀[38;2;181;181;181;48;2;181;181;181m▀[38;2;181;181;181;48;2;181;181;181m▀[38;2;82;156;140;48;2;82;156;140m▀[38;2;82;156;140;48;2;82;156;140m▀[38;2;156;181;123;48;2;156;181;123m▀[38;2;156;181;123;48;2;156;181;123m▀[38;2;0;0;0;48;2;0;0;0m▀[38;2;0;0;0;48;2;0;0;0m▀[38;2;222;222;222;48;2;222;222;222m▀[38;2;222;222;222;48;2;222;222;222m▀[38;2;0;0;0;48;2;0;0;0m▀[38;2;0;0;0;48;2;0;0;0m▀[0m [0m [0m [0m [0m [0m [0m [0m [0m [0m [0m [0m [0m
[0m [0m [38;2;0;0;0;48;2;0;0;0m▀[38;2;0;0;0;48;2;0;0;0m▀[38;2;0;0;0;48;2;0;0;0m▀[38;2;0;0;0;48;2;0;0;0m▀[38;2;0;0;0;48;2;0;0;0m▀[38;2;0;0;0;48;2;0;0;0m▀[38;2;0;0;0;48;2;0;0;0m▀[38;2;0;0;0;48;2;0;0;0m▀[38;2;0;0;0;48;2;0;0;0m▀[38;2;0;0;0;48;2;0;0;0m▀[38;2;0;0;0;48;2;0;0;0m▀[38;2;0;0;0;48;2;0;0;0m▀[38;2;0;0;0;48;2;0;0;0m▀[38;2;0;0;0;48;2;0;0;0m▀[38;2;255;255;255;48;2;255;255;255m▀[38;2;255;255;255;48;2;255;255;255m▀[38;2;222;222;222;48;2;222;222;222m▀[38;2;222;222;222;48;2;222;222;222m▀[38;2;0;0;0;48;2;0;0;0m▀[38;2;0;0;0;48;2;0;0;0m▀[38;2;0;0;0;48;2;0;0;0m▀[38;2;0;0;0;48;2;0;0;0m▀[38;2;0;0;0;48;2;0;0;0m▀[38;2;0;0;0;48;2;0;0;0m▀[0m [0m [0m [0m [0m [0m [0m
[0m [0m [0m [0m [38;2;0;0;0;48;2;0;0;0m▀[38;2;0;0;0;48;2;0;0;0m▀[38;2;255;198;140;48;2;255;198;140m▀[38;2;255;198;140;48;2;255;198;140m▀[38;2;255;198;140;48;2;255;198;140m▀[38;2;255;198;140;48;2;255;198;140m▀[38;2;216;157;98;48;2;216;157;98m▀[38;2;216;157;98;48;2;216;157;98m▀[38;2;0;140;198;48;2;0;140;198m▀[38;2;0;140;198;48;2;0;140;198m▀[38;2;0;0;0;48;2;0;0;0m▀[38;2;0;0;0;48;2;0;0;0m▀[38;2;0;0;0;48;2;0;0;0m▀[38;2;0;0;0;48;2;0;0;0m▀[38;2;0;0;0;48;2;0;0;0m▀[38;2;0;0;0;48;2;0;0;0m▀[38;2;74;123;198;48;2;74;123;198m▀[38;2;74;123;198;48;2;74;123;198m▀[38;2;0;0;0;48;2;0;0;0m▀[38;2;0;0;0;48;2;0;0;0m▀[0m [0m [0m [0m [0m [0m [0m [0m [0m
[0m [0m [0m [0m [0m [0m [38;2;0;0;0;48;2;0;0;0m▀[38;2;0;0;0;48;2;0;0;0m▀[38;2;115;222;247;48;2;115;222;247m▀[38;2;115;222;247;48;2;115;222;247m▀[38;2;24;189;239;48;2;24;189;239m▀[38;2;24;189;239;48;2;24;189;239m▀[38;2;0;0;0;48;2;0;0;0m▀[38;2;0;0;0;48;2;0;0;0m▀[38;2;82;156;140;48;2;82;156;140m▀[38;2;82;156;140;48;2;82;156;140m▀[38;2;156;181;123;48;2;156;181;123m▀[38;2;156;181;123;48;2;156;181;123m▀[38;2;231;198;115;48;2;231;198;115m▀[38;2;231;198;115;48;2;231;198;115m▀[38;2;0;0;0;48;2;0;0;0m▀[38;2;0;0;0;48;2;0;0;0m▀[0m [0m [0m [0m [0m [0m [0m [0m [0m [0m [0m
[0m [0m [0m [0m [0m [0m [38;2;0;0;0;48;2;0;0;0m▀[38;2;0;0;0;48;2;0;0;0m▀[38;2;0;0;0;48;2;0;0;0m▀[38;2;0;0;0;48;2;0;0;0m▀[38;2;0;0;0;48;2;0;0;0m▀[38;2;0;0;0;48;2;0;0;0m▀[38;2;0;0;0;48;2;0;0;0m▀[38;2;0;0;0;48;2;0;0;0m▀[38;2;0;0;0;48;2;0;0;0m▀[38;2;0;0;0;48;2;0;0;0m▀[38;2;82;156;140;48;2;82;156;140m▀[38;2;82;156;140;48;2;82;156;140m▀[38;2;156;181;123;48;2;156;181;123m▀[38;2;156;181;123;48;2;156;181;123m▀[38;2;0;0;0;48;2;0;0;0m▀[38;2;0;0;0;48;2;0;0;0m▀[0m [0m [0m [0m [0m [0m [0m [0m [0m [0m [0m
[0m [0m [0m [0m [38;2;0;0;0;48;2;0;0;0m▀[38;2;0;0;0;48;2;0;0;0m▀[38;2;181;181;181;48;2;181;181;181m▀[38;2;181;181;181;48;2;181;181;181m▀[38;2;0;0;0;48;2;0;0;0m▀[38;2;0;0;0;48;2;0;0;0m▀[38;2;216;157;98;48;2;216;157;98m▀[38;2;216;157;98;48;2;216;157;98m▀[38;2;0;0;0;48;2;0;0;0m▀[38;2;0;0;0;48;2;0;0;0m▀[38;2;181;181;181;48;2;181;181;181m▀[38;2;181;181;181;48;2;181;181;181m▀[38;2;0;0;0;48;2;0;0;0m▀[38;2;0;0;0;48;2;0;0;0m▀[38;2;0;0;0;48;2;0;0;0m▀[38;2;0;0;0;48;2;0;0;0m▀[0m [0m [0m [0m [0m [0m [0m [0m [0m [0m [0m [0m [0m
[0m [0m [38;2;0;0;0;48;2;0;0;0m▀[38;2;0;0;0;48;2;0;0;0m▀[38;2;115;222;247;48;2;115;222;247m▀[38;2;115;222;247;48;2;115;222;247m▀[38;2;0;0;0;48;2;0;0;0m▀[38;2;0;0;0;48;2;0;0;0m▀[38;2;255;198;140;48;2;255;198;140m▀[38;2;255;198;140;48;2;255;198;140m▀[38;2;255;198;140;48;2;255;198;140m▀[38;2;255;198;140;48;2;255;198;140m▀[38;2;216;157;98;48;2;216;157;98m▀[38;2;216;157;98;48;2;216;157;98m▀[38;2;0;0;0;48;2;0;0;0m▀[38;2;0;0;0;48;2;0;0;0m▀[38;2;115;222;247;48;2;115;222;247m▀[38;2;115;222;247;48;2;115;222;247m▀[38;2;24;189;239;48;2;24;189;239m▀[38;2;24;189;239;48;2;24;189;239m▀[38;2;0;0;0;48;2;0;0;0m▀[38;2;0;0;0;48;2;0;0;0m▀[0m [0m [0m [0m [38;2;0;0;0;48;2;0;0;0m▀[38;2;0;0;0;48;2;0;0;0m▀[0m [0m [38;2;0;0;0;48;2;0;0;0m▀[38;2;0;0;0;48;2;0;0;0m▀[0m
[0m [0m [38;2;0;0;0;48;2;0;0;0m▀[38;2;0;0;0;48;2;0;0;0m▀[38;2;24;189;239;48;2;24;189;239m▀[38;2;24;189;239;48;2;24;189;239m▀[38;2;0;0;0;48;2;0;0;0m▀[38;2;0;0;0;48;2;0;0;0m▀[38;2;0;0;0;48;2;0;0;0m▀[38;2;0;0;0;48;2;0;0;0m▀[38;2;0;0;0;48;2;0;0;0m▀[38;2;0;0;0;48;2;0;0;0m▀[38;2;0;0;0;48;2;0;0;0m▀[38;2;0;0;0;48;2;0;0;0m▀[38;2;0;0;0;48;2;0;0;0m▀[38;2;0;0;0;48;2;0;0;0m▀[38;2;24;189;239;48;2;24;189;239m▀[38;2;24;189;239;48;2;24;189;239m▀[38;2;0;140;198;48;2;0;140;198m▀[38;2;0;140;198;48;2;0;140;198m▀[38;2;0;0;0;48;2;0;0;0m▀[38;2;0;0;0;48;2;0;0;0m▀[0m [0m [0m [0m [38;2;0;0;0;48;2;0;0;0m▀[38;2;0;0;0;48;2;0;0;0m▀[38;2;0;0;0;48;2;0;0;0m▀[38;2;0;0;0;48;2;0;0;0m▀[38;2;0;0;0;48;2;0;0;0m▀[38;2;0;0;0;48;2;0;0;0m▀[0m
[0m [0m [0m [0m [38;2;0;0;0;48;2;0;0;0m▀[38;2;0;0;0;48;2;0;0;0m▀[38;2;0;0;0;48;2;0;0;0m▀[38;2;0;0;0;48;2;0;0;0m▀[38;2;24;66;140;48;2;24;66;140m▀[38;2;24;66;140;48;2;24;66;140m▀[38;2;74;123;198;48;2;74;123;198m▀[38;2;74;123;198;48;2;74;123;198m▀[38;2;24;66;140;48;2;24;66;140m▀[38;2;24;66;140;48;2;24;66;140m▀[38;2;49;99;165;48;2;49;99;165m▀[38;2;49;99;165;48;2;49;99;165m▀[38;2;0;0;0;48;2;0;0;0m▀[38;2;0;0;0;48;2;0;0;0m▀[38;2;0;0;0;48;2;0;0;0m▀[38;2;0;0;0;48;2;0;0;0m▀[0m [0m [0m [0m [0m [0m [0m [0m [38;2;0;0;0;48;2;0;0;0m▀[38;2;0;0;0;48;2;0;0;0m▀[38;2;0;0;0;48;2;0;0;0m▀[38;2;0;0;0;48;2;0;0;0m▀[0m
[0m [0m [0m [0m [0m [0m [38;2;0;0;0;48;2;0;0;0m▀[38;2;0;0;0;48;2;0;0;0m▀[38;2;74;123;198;48;2;74;123;198m▀[38;2;74;123;198;48;2;74;123;198m▀[38;2;24;66;140;48;2;24;66;140m▀[38;2;24;66;140;48;2;24;66;140m▀[38;2;74;123;198;48;2;74;123;198m▀[38;2;74;123;198;48;2;74;123;198m▀[38;2;24;66;140;48;2;24;66;140m▀[38;2;24;66;140;48;2;24;66;140m▀[38;2;49;99;165;48;2;49;99;165m▀[38;2;49;99;165;48;2;49;99;165m▀[38;2;24;66;140;48;2;24;66;140m▀[38;2;24;66;140;48;2;24;66;140m▀[38;2;0;0;0;48;2;0;0;0m▀[38;2;0;0;0;48;2;0;0;0m▀[38;2;0;0;0;48;2;0;0;0m▀[38;2;0;0;0;48;2;0;0;0m▀[38;2;0;0;0;48;2;0;0;0m▀[38;2;0;0;0;48;2;0;0;0m▀[38;2;0;0;0;48;2;0;0;0m▀[38;2;0;0;0;48;2;0;0;0m▀[38;2;0;0;0;48;2;0;0;0m▀[38;2;0;0;0;48;2;0;0;0m▀[0m [0m [0m
[0m [0m [0m [0m [0m [0m [0m [0m [38;2;0;0;0;48;2;0;0;0m▀[38;2;0;0;0;48;2;0;0;0m▀[38;2;74;123;198;48;2;74;123;198m▀[38;2;74;123;198;48;2;74;123;198m▀[38;2;24;66;140;48;2;24;66;140m▀[38;2;24;66;140;48;2;24;66;140m▀[38;2;74;123;198;48;2;74;123;198m▀[38;2;74;123;198;48;2;74;123;198m▀[38;2;24;66;140;48;2;24;66;140m▀[38;2;24;66;140;48;2;24;66;140m▀[38;2;49;99;165;48;2;49;99;165m▀[38;2;49;99;165;48;2;49;99;165m▀[38;2;24;66;140;48;2;24;66;140m▀[38;2;24;66;140;48;2;24;66;140m▀[38;2;49;99;165;48;2;49;99;165m▀[38;2;49;99;165;48;2;49;99;165m▀[38;2;0;0;0;48;2;0;0;0m▀[38;2;0;0;0;48;2;0;0;0m▀[38;2;0;0;0;48;2;0;0;0m▀[38;2;0;0;0;48;2;0;0;0m▀[0m [0m [0m [0m [0m
[0m [0m [0m [0m [0m [0m [0m [0m [0m [0m [38;2;0;0;0;48;2;0;0;0m▀[38;2;0;0;0;48;2;0;0;0m▀[38;2;0;0;0;48;2;0;0;0m▀[38;2;0;0;0;48;2;0;0;0m▀[38;2;0;0;0;48;2;0;0;0m▀[38;2;0;0;0;48;2;0;0;0m▀[38;2;0;0;0;48;2;0;0;0m▀[38;2;0;0;0;48;2;0;0;0m▀[38;2;0;0;0;48;2;0;0;0m▀[38;2;0;0;0;48;2;0;0;0m▀[38;2;0;0;0;48;2;0;0;0m▀[38;2;0;0;0;48;2;0;0;0m▀[38;2;0;0;0;48;2;0;0;0m▀[38;2;0;0;0;48;2;0;0;0m▀[0m [0m [0m [0m [0m [0m [0m [0m [0m
