[0m [0m [0m [0m [0m [0m [0m [0m [0m [0m [0m [0m [0m [0m [0m [0m [0m [0m [0m [0m [0m [0m [0m [0m [0m [0m [0m [0m [0m [0m [0m [0m [0m
[0m [0m [0m [0m [0m [0m [0m [0m [0m [0m [0m [0m [0m [0m [0m [0m [0m [0m [0m [0m [0m [0m [0m [0m [0m [0m [0m [0m [0m [0m [0m [0m [0m
[0m [0m [0m [0m [0m [0m [0m [0m [0m [0m [0m [0m [0m [0m [0m [0m [38;2;0;0;0;48;2;0;0;0m▀[38;2;0;0;0;48;2;0;0;0m▀[38;2;0;0;0;48;2;0;0;0m▀[38;2;0;0;0;48;2;0;0;0m▀[38;2;0;0;0;48;2;0;0;0m▀[38;2;0;0;0;48;2;0;0;0m▀[0m [0m [0m [0m [0m [0m [0m [0m [0m [0m [0m
[0m [0m [0m [0m [0m [0m [0m [0m [0m [0m [0m [0m [38;2;0;0;0;48;2;0;0;0m▀[38;2;0;0;0;48;2;0;0;0m▀[38;2;0;0;0;48;2;0;0;0m▀[38;2;0;0;0;48;2;0;0;0m▀[38;2;224;192;0;48;2;224;192;0m▀[38;2;224;192;0;48;2;224;192;0m▀[38;2;224;192;0;48;2;224;192;0m▀[38;2;224;192;0;48;2;224;192;0m▀[38;2;112;96;0;48;2;112;96;0m▀[38;2;112;96;0;48;2;112;96;0m▀[38;2;0;0;0;48;2;0;0;0m▀[38;2;0;0;0;48;2;0;0;0m▀[0m [0m [0m [0m [0m [0m [0m [0m [0m
[0m [0m [0m [0m [0m [0m [0m [0m [0m [0m [38;2;0;0;0;48;2;0;0;0m▀[38;2;0;0;0;48;2;0;0;0m▀[38;2;224;192;0;48;2;224;192;0m▀[38;2;224;192;0;48;2;224;192;0m▀[38;2;224;192;0;48;2;224;192;0m▀[38;2;224;192;0;48;2;224;192;0m▀[38;2;112;96;0;48;2;112;96;0m▀[38;2;112;96;0;48;2;112;96;0m▀[38;2;112;96;0;48;2;112;96;0m▀[38;2;112;96;0;48;2;112;96;0m▀[38;2;0;0;0;48;2;0;0;0m▀[38;2;0;0;0;48;2;0;0;0m▀[38;2;0;0;0;48;2;0;0;0m▀[38;2;0;0;0;48;2;0;0;0m▀[0m [0m [0m [0m [0m [0m [0m [0m [0m
[0m [0m [0m [0m [0m [0m [0m [0m [38;2;0;0;0;48;2;0;0;0m▀[38;2;0;0;0;48;2;0;0;0m▀[38;2;224;192;0;48;2;224;192;0m▀[38;2;224;192;0;48;2;224;192;0m▀[38;2;224;192;0;48;2;224;192;0m▀[38;2;224;192;0;48;2;224;192;0m▀[38;2;224;192;0;48;2;224;192;0m▀[38;2;224;192;0;48;2;224;192;0m▀[38;2;112;96;0;48;2;112;96;0m▀[38;2;112;96;0;48;2;112;96;0m▀[38;2;0;0;0;48;2;0;0;0m▀[38;2;0;0;0;48;2;0;0;0m▀[38;2;0;0;0;48;2;0;0;0m▀[38;2;0;0;0;48;2;0;0;0m▀[0m [0m [0m [0m [0m [0m [0m [0m [0m [0m [0m
[0m [0m [0m [0m [0m [0m [0m [0m [38;2;0;0;0;48;2;0;0;0m▀[38;2;0;0;0;48;2;0;0;0m▀[38;2;112;96;0;48;2;112;96;0m▀[38;2;112;96;0;48;2;112;96;0m▀[38;2;224;192;0;48;2;224;192;0m▀[38;2;224;192;0;48;2;224;192;0m▀[38;2;112;96;0;48;2;112;96;0m▀[38;2;112;96;0;48;2;112;96;0m▀[38;2;112;96;0;48;2;112;96;0m▀[38;2;112;96;0;48;2;112;96;0m▀[38;2;112;96;0;48;2;112;96;0m▀[38;2;112;96;0;48;2;112;96;0m▀[38;2;0;0;0;48;2;0;0;0m▀[38;2;0;0;0;48;2;0;0;0m▀[0m [0m [0m [0m [0m [0m [0m [0m [0m [0m [0m
[0m [0m [0m [0m [0m [0m [38;2;0;0;0;48;2;0;0;0m▀[38;2;0;0;0;48;2;0;0;0m▀[38;2;224;192;0;48;2;224;192;0m▀[38;2;224;192;0;48;2;224;192;0m▀[38;2;112;96;0;48;2;112;96;0m▀[38;2;112;96;0;48;2;112;96;0m▀[38;2;224;192;0;48;2;224;192;0m▀[38;2;224;192;0;48;2;224;192;0m▀[38;2;112;96;0;48;2;112;96;0m▀[38;2;112;96;0;48;2;112;96;0m▀[38;2;224;192;0;48;2;224;192;0m▀[38;2;224;192;0;48;2;224;192;0m▀[38;2;224;192;0;48;2;224;192;0m▀[38;2;224;192;0;48;2;224;192;0m▀[38;2;112;96;0;48;2;112;96;0m▀[38;2;112;96;0;48;2;112;96;0m▀[38;2;0;0;0;48;2;0;0;0m▀[38;2;0;0;0;48;2;0;0;0m▀[0m [0m [0m [0m [0m [0m [0m [0m [0m
[0m [0m [0m [0m [38;2;0;0;0;48;2;0;0;0m▀[38;2;0;0;0;48;2;0;0;0m▀[38;2;0;0;0;48;2;0;0;0m▀[38;2;0;0;0;48;2;0;0;0m▀[38;2;0;0;0;48;2;0;0;0m▀[38;2;0;0;0;48;2;0;0;0m▀[38;2;224;192;0;48;2;224;192;0m▀[38;2;224;192;0;48;2;224;192;0m▀[38;2;224;192;0;48;2;224;192;0m▀[38;2;224;192;0;48;2;224;192;0m▀[38;2;224;192;0;48;2;224;192;0m▀[38;2;224;192;0;48;2;224;192;0m▀[38;2;0;0;0;48;2;0;0;0m▀[38;2;0;0;0;48;2;0;0;0m▀[38;2;0;0;0;48;2;0;0;0m▀[38;2;0;0;0;48;2;0;0;0m▀[38;2;112;96;0;48;2;112;96;0m▀[38;2;112;96;0;48;2;112;96;0m▀[38;2;112;96;0;48;2;112;96;0m▀[38;2;112;96;0;48;2;112;96;0m▀[38;2;0;0;0;48;2;0;0;0m▀[38;2;0;0;0;48;2;0;0;0m▀[0m [0m [0m [0m [0m [0m [0m
[0m [0m [0m [0m [38;2;0;0;0;48;2;0;0;0m▀[38;2;0;0;0;48;2;0;0;0m▀[38;2;224;192;0;48;2;224;192;0m▀[38;2;224;192;0;48;2;224;192;0m▀[38;2;192;0;0;48;2;192;0;0m▀[38;2;192;0;0;48;2;192;0;0m▀[38;2;0;0;0;48;2;0;0;0m▀[38;2;0;0;0;48;2;0;0;0m▀[38;2;224;192;0;48;2;224;192;0m▀[38;2;224;192;0;48;2;224;192;0m▀[38;2;0;0;0;48;2;0;0;0m▀[38;2;0;0;0;48;2;0;0;0m▀[38;2;192;0;0;48;2;192;0;0m▀[38;2;192;0;0;48;2;192;0;0m▀[38;2;112;96;0;48;2;112;96;0m▀[38;2;112;96;0;48;2;112;96;0m▀[38;2;112;96;0;48;2;112;96;0m▀[38;2;112;96;0;48;2;112;96;0m▀[38;2;224;192;0;48;2;224;192;0m▀[38;2;224;192;0;48;2;224;192;0m▀[38;2;0;0;0;48;2;0;0;0m▀[38;2;0;0;0;48;2;0;0;0m▀[0m [0m [0m [0m [0m [0m [0m
[0m [0m [38;2;0;0;0;48;2;0;0;0m▀[38;2;0;0;0;48;2;0;0;0m▀[38;2;112;96;0;48;2;112;96;0m▀[38;2;112;96;0;48;2;112;96;0m▀[38;2;224;192;0;48;2;224;192;0m▀[38;2;224;192;0;48;2;224;192;0m▀[38;2;224;192;0;48;2;224;192;0m▀[38;2;224;192;0;48;2;224;192;0m▀[38;2;224;192;0;48;2;224;192;0m▀[38;2;224;192;0;48;2;224;192;0m▀[38;2;224;192;0;48;2;224;192;0m▀[38;2;224;192;0;48;2;224;192;0m▀[38;2;224;192;0;48;2;224;192;0m▀[38;2;224;192;0;48;2;224;192;0m▀[38;2;224;192;0;48;2;224;192;0m▀[38;2;224;192;0;48;2;224;192;0m▀[38;2;224;192;0;48;2;224;192;0m▀[38;2;224;192;0;48;2;224;192;0m▀[38;2;224;192;0;48;2;224;192;0m▀[38;2;224;192;0;48;2;224;192;0m▀[38;2;112;96;0;48;2;112;96;0m▀[38;2;112;96;0;48;2;112;96;0m▀[38;2;112;96;0;48;2;112;96;0m▀[38;2;112;96;0;48;2;112;96;0m▀[38;2;0;0;0;48;2;0;0;0m▀[38;2;0;0;0;48;2;0;0;0m▀[0m [0m [0m [0m [0m
[0m [0m [38;2;0;0;0;48;2;0;0;0m▀[38;2;0;0;0;48;2;0;0;0m▀[38;2;224;192;0;48;2;224;192;0m▀[38;2;224;192;0;48;2;224;192;0m▀[38;2;0;0;0;48;2;0;0;0m▀[38;2;0;0;0;48;2;0;0;0m▀[38;2;224;192;0;48;2;224;192;0m▀[38;2;224;192;0;48;2;224;192;0m▀[38;2;224;192;0;48;2;224;192;0m▀[38;2;224;192;0;48;2;224;192;0m▀[38;2;0;0;0;48;2;0;0;0m▀[38;2;0;0;0;48;2;0;0;0m▀[38;2;224;192;0;48;2;224;192;0m▀[38;2;224;192;0;48;2;224;192;0m▀[38;2;224;192;0;48;2;224;192;0m▀[38;2;224;192;0;48;2;224;192;0m▀[38;2;0;0;0;48;2;0;0;0m▀[38;2;0;0;0;48;2;0;0;0m▀[38;2;112;96;0;48;2;112;96;0m▀[38;2;112;96;0;48;2;112;96;0m▀[38;2;112;96;0;48;2;112;96;0m▀[38;2;112;96;0;48;2;112;96;0m▀[38;2;0;0;0;48;2;0;0;0m▀[38;2;0;0;0;48;2;0;0;0m▀[38;2;0;0;0;48;2;0;0;0m▀[38;2;0;0;0;48;2;0;0;0m▀[0m [0m [0m [0m [0m
[38;2;0;0;0;48;2;0;0;0m▀[38;2;0;0;0;48;2;0;0;0m▀[38;2;224;192;0;48;2;224;192;0m▀[38;2;224;192;0;48;2;224;192;0m▀[38;2;0;0;0;48;2;0;0;0m▀[38;2;0;0;0;48;2;0;0;0m▀[38;2;240;240;224;48;2;240;240;224m▀[38;2;240;240;224;48;2;240;240;224m▀[38;2;0;0;0;48;2;0;0;0m▀[38;2;0;0;0;48;2;0;0;0m▀[38;2;0;0;0;48;2;0;0;0m▀[38;2;0;0;0;48;2;0;0;0m▀[38;2;240;240;224;48;2;240;240;224m▀[38;2;240;240;224;48;2;240;240;224m▀[38;2;0;0;0;48;2;0;0;0m▀[38;2;0;0;0;48;2;0;0;0m▀[38;2;0;0;0;48;2;0;0;0m▀[38;2;0;0;0;48;2;0;0;0m▀[38;2;240;240;224;48;2;240;240;224m▀[38;2;240;240;224;48;2;240;240;224m▀[38;2;0;0;0;48;2;0;0;0m▀[38;2;0;0;0;48;2;0;0;0m▀[38;2;0;0;0;48;2;0;0;0m▀[38;2;0;0;0;48;2;0;0;0m▀[38;2;224;192;0;48;2;224;192;0m▀[38;2;224;192;0;48;2;224;192;0m▀[38;2;112;96;0;48;2;112;96;0m▀[38;2;112;96;0;48;2;112;96;0m▀[38;2;0;0;0;48;2;0;0;0m▀[38;2;0;0;0;48;2;0;0;0m▀[0m [0m [0m
[38;2;0;0;0;48;2;0;0;0m▀[38;2;0;0;0;48;2;0;0;0m▀[38;2;224;192;0;48;2;224;192;0m▀[38;2;224;192;0;48;2;224;192;0m▀[38;2;224;192;0;48;2;224;192;0m▀[38;2;224;192;0;48;2;224;192;0m▀[38;2;0;0;0;48;2;0;0;0m▀[38;2;0;0;0;48;2;0;0;0m▀[38;2;224;192;0;48;2;224;192;0m▀[38;2;224;192;0;48;2;224;192;0m▀[38;2;224;192;0;48;2;224;192;0m▀[38;2;224;192;0;48;2;224;192;0m▀[38;2;0;0;0;48;2;0;0;0m▀[38;2;0;0;0;48;2;0;0;0m▀[38;2;224;192;0;48;2;224;192;0m▀[38;2;224;192;0;48;2;224;192;0m▀[38;2;224;192;0;48;2;224;192;0m▀[38;2;224;192;0;48;2;224;192;0m▀[38;2;0;0;0;48;2;0;0;0m▀[38;2;0;0;0;48;2;0;0;0m▀[38;2;224;192;0;48;2;224;192;0m▀[38;2;224;192;0;48;2;224;192;0m▀[38;2;224;192;0;48;2;224;192;0m▀[38;2;224;192;0;48;2;224;192;0m▀[38;2;112;96;0;48;2;112;96;0m▀[38;2;112;96;0;48;2;112;96;0m▀[38;2;112;96;0;48;2;112;96;0m▀[38;2;112;96;0;48;2;112;96;0m▀[38;2;0;0;0;48;2;0;0;0m▀[38;2;0;0;0;48;2;0;0;0m▀[0m [0m [0m
[0m [0m [38;2;0;0;0;48;2;0;0;0m▀[38;2;0;0;0;48;2;0;0;0m▀[38;2;224;192;0;48;2;224;192;0m▀[38;2;224;192;0;48;2;224;192;0m▀[38;2;224;192;0;48;2;224;192;0m▀[38;2;224;192;0;48;2;224;192;0m▀[38;2;224;192;0;48;2;224;192;0m▀[38;2;224;192;0;48;2;224;192;0m▀[38;2;224;192;0;48;2;224;192;0m▀[38;2;224;192;0;48;2;224;192;0m▀[38;2;224;192;0;48;2;224;192;0m▀[38;2;224;192;0;48;2;224;192;0m▀[38;2;112;96;0;48;2;112;96;0m▀[38;2;112;96;0;48;2;112;96;0m▀[38;2;112;96;0;48;2;112;96;0m▀[38;2;112;96;0;48;2;112;96;0m▀[38;2;112;96;0;48;2;112;96;0m▀[38;2;112;96;0;48;2;112;96;0m▀[38;2;112;96;0;48;2;112;96;0m▀[38;2;112;96;0;48;2;112;96;0m▀[38;2;112;96;0;48;2;112;96;0m▀[38;2;112;96;0;48;2;112;96;0m▀[38;2;112;96;0;48;2;112;96;0m▀[38;2;112;96;0;48;2;112;96;0m▀[38;2;0;0;0;48;2;0;0;0m▀[38;2;0;0;0;48;2;0;0;0m▀[0m [0m [0m [0m [0m
[0m [0m [0m [0m [38;2;0;0;0;48;2;0;0;0m▀[38;2;0;0;0;48;2;0;0;0m▀[38;2;0;0;0;48;2;0;0;0m▀[38;2;0;0;0;48;2;0;0;0m▀[38;2;0;0;0;48;2;0;0;0m▀[38;2;0;0;0;48;2;0;0;0m▀[38;2;0;0;0;48;2;0;0;0m▀[38;2;0;0;0;48;2;0;0;0m▀[38;2;0;0;0;48;2;0;0;0m▀[38;2;0;0;0;48;2;0;0;0m▀[38;2;0;0;0;48;2;0;0;0m▀[38;2;0;0;0;48;2;0;0;0m▀[38;2;0;0;0;48;2;0;0;0m▀[38;2;0;0;0;48;2;0;0;0m▀[38;2;0;0;0;48;2;0;0;0m▀[38;2;0;0;0;48;2;0;0;0m▀[38;2;0;0;0;48;2;0;0;0m▀[38;2;0;0;0;48;2;0;0;0m▀[38;2;0;0;0;48;2;0;0;0m▀[38;2;0;0;0;48;2;0;0;0m▀[38;2;0;0;0;48;2;0;0;0m▀[38;2;0;0;0;48;2;0;0;0m▀[0m [0m [0m [0m [0m [0m [0m
