[0m [0m [0m [0m [0m [0m [0m [0m [0m [0m [0m [0m [0m [0m [0m [0m [0m [0m [0m [0m [0m [0m [0m [0m [0m [0m [0m [0m [0m [0m [0m [0m [0m
[0m [0m [0m [0m [0m [0m [0m [0m [0m [0m [0m [0m [0m [0m [0m [0m [0m [0m [0m [0m [0m [0m [0m [0m [0m [0m [0m [0m [0m [0m [0m [0m [0m
[0m [0m [0m [0m [0m [0m [0m [0m [0m [0m [0m [0m [0m [0m [0m [0m [0m [0m [0m [0m [0m [0m [0m [0m [0m [0m [0m [0m [0m [0m [0m [0m [0m
[0m [0m [0m [0m [0m [0m [0m [0m [0m [0m [0m [0m [0m [0m [0m [0m [38;2;0;0;0;48;2;0;0;0m▀[38;2;0;0;0;48;2;0;0;0m▀[0m [0m [38;2;0;0;0;48;2;0;0;0m▀[38;2;0;0;0;48;2;0;0;0m▀[0m [0m [0m [0m [0m [0m [0m [0m [0m [0m [0m
[0m [0m [0m [0m [0m [0m [0m [0m [0m [0m [0m [0m [0m [0m [38;2;0;0;0;48;2;0;0;0m▀[38;2;0;0;0;48;2;0;0;0m▀[38;2;162;83;46;48;2;162;83;46m▀[38;2;162;83;46;48;2;162;83;46m▀[38;2;0;0;0;48;2;0;0;0m▀[38;2;0;0;0;48;2;0;0;0m▀[38;2;162;83;46;48;2;162;83;46m▀[38;2;162;83;46;48;2;162;83;46m▀[38;2;0;0;0;48;2;0;0;0m▀[38;2;0;0;0;48;2;0;0;0m▀[0m [0m [0m [0m [0m [0m [0m [0m [0m
[0m [0m [0m [0m [38;2;0;0;0;48;2;0;0;0m▀[38;2;0;0;0;48;2;0;0;0m▀[38;2;0;0;0;48;2;0;0;0m▀[38;2;0;0;0;48;2;0;0;0m▀[0m [0m [38;2;0;0;0;48;2;0;0;0m▀[38;2;0;0;0;48;2;0;0;0m▀[38;2;0;0;0;48;2;0;0;0m▀[38;2;0;0;0;48;2;0;0;0m▀[38;2;162;83;46;48;2;162;83;46m▀[38;2;162;83;46;48;2;162;83;46m▀[38;2;110;48;33;48;2;110;48;33m▀[38;2;110;48;33;48;2;110;48;33m▀[38;2;0;0;0;48;2;0;0;0m▀[38;2;0;0;0;48;2;0;0;0m▀[38;2;0;0;0;48;2;0;0;0m▀[38;2;0;0;0;48;2;0;0;0m▀[38;2;110;48;33;48;2;110;48;33m▀[38;2;110;48;33;48;2;110;48;33m▀[38;2;0;0;0;48;2;0;0;0m▀[38;2;0;0;0;48;2;0;0;0m▀[0m [0m [0m [0m [0m [0m [0m
[0m [0m [0m [0m [38;2;0;0;0;48;2;0;0;0m▀[38;2;0;0;0;48;2;0;0;0m▀[38;2;164;36;36;48;2;164;36;36m▀[38;2;164;36;36;48;2;164;36;36m▀[38;2;0;0;0;48;2;0;0;0m▀[38;2;0;0;0;48;2;0;0;0m▀[38;2;0;0;0;48;2;0;0;0m▀[38;2;0;0;0;48;2;0;0;0m▀[38;2;110;48;33;48;2;110;48;33m▀[38;2;110;48;33;48;2;110;48;33m▀[38;2;0;0;0;48;2;0;0;0m▀[38;2;0;0;0;48;2;0;0;0m▀[38;2;0;0;0;48;2;0;0;0m▀[38;2;0;0;0;48;2;0;0;0m▀[38;2;164;36;36;48;2;164;36;36m▀[38;2;164;36;36;48;2;164;36;36m▀[38;2;164;36;36;48;2;164;36;36m▀[38;2;164;36;36;48;2;164;36;36m▀[38;2;0;0;0;48;2;0;0;0m▀[38;2;0;0;0;48;2;0;0;0m▀[38;2;0;0;0;48;2;0;0;0m▀[38;2;0;0;0;48;2;0;0;0m▀[0m [0m [0m [0m [0m [0m [0m
[0m [0m [0m [0m [0m [0m [38;2;0;0;0;48;2;0;0;0m▀[38;2;0;0;0;48;2;0;0;0m▀[38;2;164;36;36;48;2;164;36;36m▀[38;2;164;36;36;48;2;164;36;36m▀[38;2;164;36;36;48;2;164;36;36m▀[38;2;164;36;36;48;2;164;36;36m▀[38;2;0;0;0;48;2;0;0;0m▀[38;2;0;0;0;48;2;0;0;0m▀[38;2;164;36;36;48;2;164;36;36m▀[38;2;164;36;36;48;2;164;36;36m▀[38;2;164;36;36;48;2;164;36;36m▀[38;2;164;36;36;48;2;164;36;36m▀[38;2;0;0;0;48;2;0;0;0m▀[38;2;0;0;0;48;2;0;0;0m▀[38;2;0;0;0;48;2;0;0;0m▀[38;2;0;0;0;48;2;0;0;0m▀[38;2;0;0;0;48;2;0;0;0m▀[38;2;0;0;0;48;2;0;0;0m▀[38;2;0;0;0;48;2;0;0;0m▀[38;2;0;0;0;48;2;0;0;0m▀[38;2;0;0;0;48;2;0;0;0m▀[38;2;0;0;0;48;2;0;0;0m▀[0m [0m [0m [0m [0m
[0m [0m [0m [0m [0m [0m [38;2;0;0;0;48;2;0;0;0m▀[38;2;0;0;0;48;2;0;0;0m▀[38;2;0;0;0;48;2;0;0;0m▀[38;2;0;0;0;48;2;0;0;0m▀[38;2;0;0;0;48;2;0;0;0m▀[38;2;0;0;0;48;2;0;0;0m▀[38;2;226;171;121;48;2;226;171;121m▀[38;2;226;171;121;48;2;226;171;121m▀[38;2;0;0;0;48;2;0;0;0m▀[38;2;0;0;0;48;2;0;0;0m▀[38;2;0;0;0;48;2;0;0;0m▀[38;2;0;0;0;48;2;0;0;0m▀[38;2;0;0;0;48;2;0;0;0m▀[38;2;0;0;0;48;2;0;0;0m▀[38;2;0;0;0;48;2;0;0;0m▀[38;2;0;0;0;48;2;0;0;0m▀[38;2;0;0;0;48;2;0;0;0m▀[38;2;0;0;0;48;2;0;0;0m▀[38;2;110;48;33;48;2;110;48;33m▀[38;2;110;48;33;48;2;110;48;33m▀[38;2;0;0;0;48;2;0;0;0m▀[38;2;0;0;0;48;2;0;0;0m▀[0m [0m [0m [0m [0m
[0m [0m [38;2;0;0;0;48;2;0;0;0m▀[38;2;0;0;0;48;2;0;0;0m▀[38;2;0;0;0;48;2;0;0;0m▀[38;2;0;0;0;48;2;0;0;0m▀[38;2;0;0;0;48;2;0;0;0m▀[38;2;0;0;0;48;2;0;0;0m▀[38;2;255;255;255;48;2;255;255;255m▀[38;2;255;255;255;48;2;255;255;255m▀[38;2;0;0;0;48;2;0;0;0m▀[38;2;0;0;0;48;2;0;0;0m▀[38;2;233;207;174;48;2;233;207;174m▀[38;2;233;207;174;48;2;233;207;174m▀[38;2;226;171;121;48;2;226;171;121m▀[38;2;226;171;121;48;2;226;171;121m▀[38;2;0;0;0;48;2;0;0;0m▀[38;2;0;0;0;48;2;0;0;0m▀[38;2;255;255;255;48;2;255;255;255m▀[38;2;255;255;255;48;2;255;255;255m▀[38;2;0;0;0;48;2;0;0;0m▀[38;2;0;0;0;48;2;0;0;0m▀[38;2;0;0;0;48;2;0;0;0m▀[38;2;0;0;0;48;2;0;0;0m▀[38;2;162;83;46;48;2;162;83;46m▀[38;2;162;83;46;48;2;162;83;46m▀[38;2;110;48;33;48;2;110;48;33m▀[38;2;110;48;33;48;2;110;48;33m▀[38;2;0;0;0;48;2;0;0;0m▀[38;2;0;0;0;48;2;0;0;0m▀[38;2;0;0;0;48;2;0;0;0m▀[38;2;0;0;0;48;2;0;0;0m▀[0m
[0m [0m [38;2;0;0;0;48;2;0;0;0m▀[38;2;0;0;0;48;2;0;0;0m▀[38;2;42;42;42;48;2;42;42;42m▀[38;2;42;42;42;48;2;42;42;42m▀[38;2;0;0;0;48;2;0;0;0m▀[38;2;0;0;0;48;2;0;0;0m▀[38;2;0;0;0;48;2;0;0;0m▀[38;2;0;0;0;48;2;0;0;0m▀[38;2;233;207;174;48;2;233;207;174m▀[38;2;233;207;174;48;2;233;207;174m▀[38;2;233;207;174;48;2;233;207;174m▀[38;2;233;207;174;48;2;233;207;174m▀[38;2;233;207;174;48;2;233;207;174m▀[38;2;233;207;174;48;2;233;207;174m▀[38;2;233;207;174;48;2;233;207;174m▀[38;2;233;207;174;48;2;233;207;174m▀[38;2;0;0;0;48;2;0;0;0m▀[38;2;0;0;0;48;2;0;0;0m▀[38;2;0;0;0;48;2;0;0;0m▀[38;2;0;0;0;48;2;0;0;0m▀[38;2;162;83;46;48;2;162;83;46m▀[38;2;162;83;46;48;2;162;83;46m▀[38;2;162;83;46;48;2;162;83;46m▀[38;2;162;83;46;48;2;162;83;46m▀[38;2;0;0;0;48;2;0;0;0m▀[38;2;0;0;0;48;2;0;0;0m▀[38;2;66;66;66;48;2;66;66;66m▀[38;2;66;66;66;48;2;66;66;66m▀[38;2;0;0;0;48;2;0;0;0m▀[38;2;0;0;0;48;2;0;0;0m▀[0m
[0m [0m [0m [0m [38;2;0;0;0;48;2;0;0;0m▀[38;2;0;0;0;48;2;0;0;0m▀[38;2;162;83;46;48;2;162;83;46m▀[38;2;162;83;46;48;2;162;83;46m▀[38;2;233;207;174;48;2;233;207;174m▀[38;2;233;207;174;48;2;233;207;174m▀[38;2;0;0;0;48;2;0;0;0m▀[38;2;0;0;0;48;2;0;0;0m▀[38;2;233;207;174;48;2;233;207;174m▀[38;2;233;207;174;48;2;233;207;174m▀[38;2;0;0;0;48;2;0;0;0m▀[38;2;0;0;0;48;2;0;0;0m▀[38;2;233;207;174;48;2;233;207;174m▀[38;2;233;207;174;48;2;233;207;174m▀[38;2;233;207;174;48;2;233;207;174m▀[38;2;233;207;174;48;2;233;207;174m▀[38;2;233;207;174;48;2;233;207;174m▀[38;2;233;207;174;48;2;233;207;174m▀[38;2;162;83;46;48;2;162;83;46m▀[38;2;162;83;46;48;2;162;83;46m▀[38;2;0;0;0;48;2;0;0;0m▀[38;2;0;0;0;48;2;0;0;0m▀[38;2;66;66;66;48;2;66;66;66m▀[38;2;66;66;66;48;2;66;66;66m▀[38;2;42;42;42;48;2;42;42;42m▀[38;2;42;42;42;48;2;42;42;42m▀[38;2;0;0;0;48;2;0;0;0m▀[38;2;0;0;0;48;2;0;0;0m▀[0m
[0m [0m [0m [0m [38;2;0;0;0;48;2;0;0;0m▀[38;2;0;0;0;48;2;0;0;0m▀[38;2;0;0;0;48;2;0;0;0m▀[38;2;0;0;0;48;2;0;0;0m▀[38;2;226;171;121;48;2;226;171;121m▀[38;2;226;171;121;48;2;226;171;121m▀[38;2;233;207;174;48;2;233;207;174m▀[38;2;233;207;174;48;2;233;207;174m▀[38;2;0;0;0;48;2;0;0;0m▀[38;2;0;0;0;48;2;0;0;0m▀[38;2;233;207;174;48;2;233;207;174m▀[38;2;233;207;174;48;2;233;207;174m▀[38;2;233;207;174;48;2;233;207;174m▀[38;2;233;207;174;48;2;233;207;174m▀[38;2;233;207;174;48;2;233;207;174m▀[38;2;233;207;174;48;2;233;207;174m▀[38;2;162;83;46;48;2;162;83;46m▀[38;2;162;83;46;48;2;162;83;46m▀[38;2;110;48;33;48;2;110;48;33m▀[38;2;110;48;33;48;2;110;48;33m▀[38;2;110;48;33;48;2;110;48;33m▀[38;2;110;48;33;48;2;110;48;33m▀[38;2;0;0;0;48;2;0;0;0m▀[38;2;0;0;0;48;2;0;0;0m▀[38;2;0;0;0;48;2;0;0;0m▀[38;2;0;0;0;48;2;0;0;0m▀[0m [0m [0m
[0m [0m [0m [0m [0m [0m [38;2;0;0;0;48;2;0;0;0m▀[38;2;0;0;0;48;2;0;0;0m▀[38;2;0;0;0;48;2;0;0;0m▀[38;2;0;0;0;48;2;0;0;0m▀[38;2;233;207;174;48;2;233;207;174m▀[38;2;233;207;174;48;2;233;207;174m▀[38;2;233;207;174;48;2;233;207;174m▀[38;2;233;207;174;48;2;233;207;174m▀[38;2;233;207;174;48;2;233;207;174m▀[38;2;233;207;174;48;2;233;207;174m▀[38;2;233;207;174;48;2;233;207;174m▀[38;2;233;207;174;48;2;233;207;174m▀[38;2;162;83;46;48;2;162;83;46m▀[38;2;162;83;46;48;2;162;83;46m▀[38;2;110;48;33;48;2;110;48;33m▀[38;2;110;48;33;48;2;110;48;33m▀[38;2;110;48;33;48;2;110;48;33m▀[38;2;110;48;33;48;2;110;48;33m▀[38;2;0;0;0;48;2;0;0;0m▀[38;2;0;0;0;48;2;0;0;0m▀[38;2;0;0;0;48;2;0;0;0m▀[38;2;0;0;0;48;2;0;0;0m▀[0m [0m [0m [0m [0m
[0m [0m [0m [0m [0m [0m [0m [0m [0m [0m [38;2;0;0;0;48;2;0;0;0m▀[38;2;0;0;0;48;2;0;0;0m▀[38;2;0;0;0;48;2;0;0;0m▀[38;2;0;0;0;48;2;0;0;0m▀[38;2;0;0;0;48;2;0;0;0m▀[38;2;0;0;0;48;2;0;0;0m▀[38;2;0;0;0;48;2;0;0;0m▀[38;2;0;0;0;48;2;0;0;0m▀[38;2;0;0;0;48;2;0;0;0m▀[38;2;0;0;0;48;2;0;0;0m▀[38;2;0;0;0;48;2;0;0;0m▀[38;2;0;0;0;48;2;0;0;0m▀[38;2;0;0;0;48;2;0;0;0m▀[38;2;0;0;0;48;2;0;0;0m▀[0m [0m [0m [0m [0m [0m [0m [0m [0m
[0m [0m [0m [0m [0m [0m [0m [0m [38;2;42;42;42;48;2;42;42;42m▀[38;2;42;42;42;48;2;42;42;42m▀[38;2;66;66;66;48;2;66;66;66m▀[38;2;66;66;66;48;2;66;66;66m▀[38;2;42;42;42;48;2;42;42;42m▀[38;2;42;42;42;48;2;42;42;42m▀[38;2;66;66;66;48;2;66;66;66m▀[38;2;66;66;66;48;2;66;66;66m▀[0m [0m [38;2;66;66;66;48;2;66;66;66m▀[38;2;66;66;66;48;2;66;66;66m▀[38;2;42;42;42;48;2;42;42;42m▀[38;2;42;42;42;48;2;42;42;42m▀[38;2;66;66;66;48;2;66;66;66m▀[38;2;66;66;66;48;2;66;66;66m▀[38;2;42;42;42;48;2;42;42;42m▀[38;2;42;42;42;48;2;42;42;42m▀[0m [0m [0m [0m [0m [0m [0m
