[0m [0m [0m [0m [0m [0m [0m [0m [0m [0m [0m [0m [0m [0m [0m [0m [0m [0m [0m [0m [0m [0m [0m [0m [0m [0m [0m [0m [0m [0m [0m [0m [0m
[0m [0m [0m [0m [0m [0m [0m [0m [0m [0m [0m [0m [0m [0m [0m [0m [0m [0m [0m [0m [0m [0m [0m [0m [0m [0m [0m [0m [0m [0m [0m [0m [0m
[0m [0m [0m [0m [0m [0m [0m [0m [0m [0m [0m [0m [0m [0m [0m [0m [0m [0m [0m [0m [0m [0m [0m [0m [0m [0m [0m [0m [0m [0m [0m [0m [0m
[0m [0m [0m [0m [0m [0m [0m [0m [0m [0m [0m [0m [0m [0m [0m [0m [0m [0m [0m [0m [0m [0m [0m [0m [0m [0m [0m [0m [0m [0m [0m [0m [0m
[0m [0m [38;2;0;0;0;48;2;0;0;0m▀[38;2;0;0;0;48;2;0;0;0m▀[38;2;0;0;0;48;2;0;0;0m▀[38;2;0;0;0;48;2;0;0;0m▀[0m [0m [0m [0m [0m [0m [0m [0m [0m [0m [0m [0m [38;2;0;0;0;48;2;0;0;0m▀[38;2;0;0;0;48;2;0;0;0m▀[38;2;0;0;0;48;2;0;0;0m▀[38;2;0;0;0;48;2;0;0;0m▀[0m [0m [0m [0m [0m [0m [0m [0m [0m [0m [0m
[0m [0m [38;2;0;0;0;48;2;0;0;0m▀[38;2;0;0;0;48;2;0;0;0m▀[38;2;255;240;32;48;2;255;240;32m▀[38;2;255;240;32;48;2;255;240;32m▀[38;2;0;0;0;48;2;0;0;0m▀[38;2;0;0;0;48;2;0;0;0m▀[0m [0m [0m [0m [0m [0m [0m [0m [38;2;0;0;0;48;2;0;0;0m▀[38;2;0;0;0;48;2;0;0;0m▀[38;2;255;240;32;48;2;255;240;32m▀[38;2;255;240;32;48;2;255;240;32m▀[38;2;0;0;0;48;2;0;0;0m▀[38;2;0;0;0;48;2;0;0;0m▀[0m [0m [0m [0m [38;2;0;0;0;48;2;0;0;0m▀[38;2;0;0;0;48;2;0;0;0m▀[0m [0m [0m [0m [0m
[0m [0m [0m [0m [38;2;0;0;0;48;2;0;0;0m▀[38;2;0;0;0;48;2;0;0;0m▀[38;2;88;93;167;48;2;88;93;167m▀[38;2;88;93;167;48;2;88;93;167m▀[38;2;0;0;0;48;2;0;0;0m▀[38;2;0;0;0;48;2;0;0;0m▀[0m [0m [0m [0m [38;2;0;0;0;48;2;0;0;0m▀[38;2;0;0;0;48;2;0;0;0m▀[38;2;88;93;167;48;2;88;93;167m▀[38;2;88;93;167;48;2;88;93;167m▀[38;2;0;0;0;48;2;0;0;0m▀[38;2;0;0;0;48;2;0;0;0m▀[0m [0m [0m [0m [38;2;0;0;0;48;2;0;0;0m▀[38;2;0;0;0;48;2;0;0;0m▀[38;2;0;0;0;48;2;0;0;0m▀[38;2;0;0;0;48;2;0;0;0m▀[0m [0m [0m [0m [0m
[0m [0m [0m [0m [38;2;0;0;0;48;2;0;0;0m▀[38;2;0;0;0;48;2;0;0;0m▀[38;2;255;128;255;48;2;255;128;255m▀[38;2;255;128;255;48;2;255;128;255m▀[38;2;88;93;167;48;2;88;93;167m▀[38;2;88;93;167;48;2;88;93;167m▀[38;2;0;0;0;48;2;0;0;0m▀[38;2;0;0;0;48;2;0;0;0m▀[38;2;0;0;0;48;2;0;0;0m▀[38;2;0;0;0;48;2;0;0;0m▀[38;2;88;93;167;48;2;88;93;167m▀[38;2;88;93;167;48;2;88;93;167m▀[38;2;255;128;255;48;2;255;128;255m▀[38;2;255;128;255;48;2;255;128;255m▀[38;2;0;0;0;48;2;0;0;0m▀[38;2;0;0;0;48;2;0;0;0m▀[0m [0m [38;2;0;0;0;48;2;0;0;0m▀[38;2;0;0;0;48;2;0;0;0m▀[38;2;255;240;32;48;2;255;240;32m▀[38;2;255;240;32;48;2;255;240;32m▀[38;2;0;0;0;48;2;0;0;0m▀[38;2;0;0;0;48;2;0;0;0m▀[0m [0m [38;2;0;0;0;48;2;0;0;0m▀[38;2;0;0;0;48;2;0;0;0m▀[0m
[0m [0m [0m [0m [0m [0m [38;2;0;0;0;48;2;0;0;0m▀[38;2;0;0;0;48;2;0;0;0m▀[38;2;0;0;0;48;2;0;0;0m▀[38;2;0;0;0;48;2;0;0;0m▀[38;2;192;181;0;48;2;192;181;0m▀[38;2;192;181;0;48;2;192;181;0m▀[38;2;0;0;0;48;2;0;0;0m▀[38;2;0;0;0;48;2;0;0;0m▀[38;2;88;93;167;48;2;88;93;167m▀[38;2;88;93;167;48;2;88;93;167m▀[38;2;0;0;0;48;2;0;0;0m▀[38;2;0;0;0;48;2;0;0;0m▀[38;2;0;0;0;48;2;0;0;0m▀[38;2;0;0;0;48;2;0;0;0m▀[38;2;0;0;0;48;2;0;0;0m▀[38;2;0;0;0;48;2;0;0;0m▀[38;2;0;0;0;48;2;0;0;0m▀[38;2;0;0;0;48;2;0;0;0m▀[38;2;79;67;112;48;2;79;67;112m▀[38;2;79;67;112;48;2;79;67;112m▀[38;2;0;0;0;48;2;0;0;0m▀[38;2;0;0;0;48;2;0;0;0m▀[38;2;0;0;0;48;2;0;0;0m▀[38;2;0;0;0;48;2;0;0;0m▀[38;2;0;0;0;48;2;0;0;0m▀[38;2;0;0;0;48;2;0;0;0m▀[0m
[0m [0m [0m [0m [38;2;0;0;0;48;2;0;0;0m▀[38;2;0;0;0;48;2;0;0;0m▀[38;2;120;120;203;48;2;120;120;203m▀[38;2;120;120;203;48;2;120;120;203m▀[38;2;192;181;0;48;2;192;181;0m▀[38;2;192;181;0;48;2;192;181;0m▀[38;2;120;120;203;48;2;120;120;203m▀[38;2;120;120;203;48;2;120;120;203m▀[38;2;120;120;203;48;2;120;120;203m▀[38;2;120;120;203;48;2;120;120;203m▀[38;2;120;120;203;48;2;120;120;203m▀[38;2;120;120;203;48;2;120;120;203m▀[38;2;88;93;167;48;2;88;93;167m▀[38;2;88;93;167;48;2;88;93;167m▀[38;2;192;181;0;48;2;192;181;0m▀[38;2;192;181;0;48;2;192;181;0m▀[38;2;192;181;0;48;2;192;181;0m▀[38;2;192;181;0;48;2;192;181;0m▀[38;2;192;181;0;48;2;192;181;0m▀[38;2;192;181;0;48;2;192;181;0m▀[38;2;0;0;0;48;2;0;0;0m▀[38;2;0;0;0;48;2;0;0;0m▀[38;2;0;0;0;48;2;0;0;0m▀[38;2;0;0;0;48;2;0;0;0m▀[38;2;192;181;0;48;2;192;181;0m▀[38;2;192;181;0;48;2;192;181;0m▀[38;2;0;0;0;48;2;0;0;0m▀[38;2;0;0;0;48;2;0;0;0m▀[0m
[0m [0m [38;2;0;0;0;48;2;0;0;0m▀[38;2;0;0;0;48;2;0;0;0m▀[38;2;120;120;203;48;2;120;120;203m▀[38;2;120;120;203;48;2;120;120;203m▀[38;2;255;255;255;48;2;255;255;255m▀[38;2;255;255;255;48;2;255;255;255m▀[38;2;120;120;203;48;2;120;120;203m▀[38;2;120;120;203;48;2;120;120;203m▀[38;2;120;120;203;48;2;120;120;203m▀[38;2;120;120;203;48;2;120;120;203m▀[38;2;255;255;255;48;2;255;255;255m▀[38;2;255;255;255;48;2;255;255;255m▀[38;2;120;120;203;48;2;120;120;203m▀[38;2;120;120;203;48;2;120;120;203m▀[38;2;120;120;203;48;2;120;120;203m▀[38;2;120;120;203;48;2;120;120;203m▀[38;2;120;120;203;48;2;120;120;203m▀[38;2;120;120;203;48;2;120;120;203m▀[38;2;88;93;167;48;2;88;93;167m▀[38;2;88;93;167;48;2;88;93;167m▀[38;2;192;181;0;48;2;192;181;0m▀[38;2;192;181;0;48;2;192;181;0m▀[38;2;192;181;0;48;2;192;181;0m▀[38;2;192;181;0;48;2;192;181;0m▀[38;2;0;0;0;48;2;0;0;0m▀[38;2;0;0;0;48;2;0;0;0m▀[38;2;79;67;112;48;2;79;67;112m▀[38;2;79;67;112;48;2;79;67;112m▀[38;2;0;0;0;48;2;0;0;0m▀[38;2;0;0;0;48;2;0;0;0m▀[0m
[0m [0m [38;2;0;0;0;48;2;0;0;0m▀[38;2;0;0;0;48;2;0;0;0m▀[38;2;120;120;203;48;2;120;120;203m▀[38;2;120;120;203;48;2;120;120;203m▀[38;2;202;0;0;48;2;202;0;0m▀[38;2;202;0;0;48;2;202;0;0m▀[38;2;120;120;203;48;2;120;120;203m▀[38;2;120;120;203;48;2;120;120;203m▀[38;2;120;120;203;48;2;120;120;203m▀[38;2;120;120;203;48;2;120;120;203m▀[38;2;202;0;0;48;2;202;0;0m▀[38;2;202;0;0;48;2;202;0;0m▀[38;2;120;120;203;48;2;120;120;203m▀[38;2;120;120;203;48;2;120;120;203m▀[38;2;120;120;203;48;2;120;120;203m▀[38;2;120;120;203;48;2;120;120;203m▀[38;2;120;120;203;48;2;120;120;203m▀[38;2;120;120;203;48;2;120;120;203m▀[38;2;120;120;203;48;2;120;120;203m▀[38;2;120;120;203;48;2;120;120;203m▀[38;2;88;93;167;48;2;88;93;167m▀[38;2;88;93;167;48;2;88;93;167m▀[38;2;79;67;112;48;2;79;67;112m▀[38;2;79;67;112;48;2;79;67;112m▀[38;2;192;181;0;48;2;192;181;0m▀[38;2;192;181;0;48;2;192;181;0m▀[38;2;0;0;0;48;2;0;0;0m▀[38;2;0;0;0;48;2;0;0;0m▀[0m [0m [0m
[0m [0m [38;2;0;0;0;48;2;0;0;0m▀[38;2;0;0;0;48;2;0;0;0m▀[38;2;120;120;203;48;2;120;120;203m▀[38;2;120;120;203;48;2;120;120;203m▀[38;2;120;120;203;48;2;120;120;203m▀[38;2;120;120;203;48;2;120;120;203m▀[38;2;120;120;203;48;2;120;120;203m▀[38;2;120;120;203;48;2;120;120;203m▀[38;2;120;120;203;48;2;120;120;203m▀[38;2;120;120;203;48;2;120;120;203m▀[38;2;120;120;203;48;2;120;120;203m▀[38;2;120;120;203;48;2;120;120;203m▀[38;2;120;120;203;48;2;120;120;203m▀[38;2;120;120;203;48;2;120;120;203m▀[38;2;120;120;203;48;2;120;120;203m▀[38;2;120;120;203;48;2;120;120;203m▀[38;2;88;93;167;48;2;88;93;167m▀[38;2;88;93;167;48;2;88;93;167m▀[38;2;88;93;167;48;2;88;93;167m▀[38;2;88;93;167;48;2;88;93;167m▀[38;2;79;67;112;48;2;79;67;112m▀[38;2;79;67;112;48;2;79;67;112m▀[38;2;79;67;112;48;2;79;67;112m▀[38;2;79;67;112;48;2;79;67;112m▀[38;2;79;67;112;48;2;79;67;112m▀[38;2;79;67;112;48;2;79;67;112m▀[38;2;0;0;0;48;2;0;0;0m▀[38;2;0;0;0;48;2;0;0;0m▀[0m [0m [0m
[0m [0m [38;2;0;0;0;48;2;0;0;0m▀[38;2;0;0;0;48;2;0;0;0m▀[38;2;192;181;0;48;2;192;181;0m▀[38;2;192;181;0;48;2;192;181;0m▀[38;2;88;93;167;48;2;88;93;167m▀[38;2;88;93;167;48;2;88;93;167m▀[38;2;88;93;167;48;2;88;93;167m▀[38;2;88;93;167;48;2;88;93;167m▀[38;2;88;93;167;48;2;88;93;167m▀[38;2;88;93;167;48;2;88;93;167m▀[38;2;88;93;167;48;2;88;93;167m▀[38;2;88;93;167;48;2;88;93;167m▀[38;2;120;120;203;48;2;120;120;203m▀[38;2;120;120;203;48;2;120;120;203m▀[38;2;192;181;0;48;2;192;181;0m▀[38;2;192;181;0;48;2;192;181;0m▀[38;2;192;181;0;48;2;192;181;0m▀[38;2;192;181;0;48;2;192;181;0m▀[38;2;0;0;0;48;2;0;0;0m▀[38;2;0;0;0;48;2;0;0;0m▀[38;2;79;67;112;48;2;79;67;112m▀[38;2;79;67;112;48;2;79;67;112m▀[38;2;0;0;0;48;2;0;0;0m▀[38;2;0;0;0;48;2;0;0;0m▀[38;2;192;181;0;48;2;192;181;0m▀[38;2;192;181;0;48;2;192;181;0m▀[38;2;79;67;112;48;2;79;67;112m▀[38;2;79;67;112;48;2;79;67;112m▀[38;2;0;0;0;48;2;0;0;0m▀[38;2;0;0;0;48;2;0;0;0m▀[0m
[38;2;0;0;0;48;2;0;0;0m▀[38;2;0;0;0;48;2;0;0;0m▀[38;2;214;214;214;48;2;214;214;214m▀[38;2;214;214;214;48;2;214;214;214m▀[38;2;0;0;0;48;2;0;0;0m▀[38;2;0;0;0;48;2;0;0;0m▀[38;2;0;0;0;48;2;0;0;0m▀[38;2;0;0;0;48;2;0;0;0m▀[38;2;0;0;0;48;2;0;0;0m▀[38;2;0;0;0;48;2;0;0;0m▀[38;2;0;0;0;48;2;0;0;0m▀[38;2;0;0;0;48;2;0;0;0m▀[38;2;0;0;0;48;2;0;0;0m▀[38;2;0;0;0;48;2;0;0;0m▀[38;2;214;214;214;48;2;214;214;214m▀[38;2;214;214;214;48;2;214;214;214m▀[38;2;88;93;167;48;2;88;93;167m▀[38;2;88;93;167;48;2;88;93;167m▀[38;2;0;0;0;48;2;0;0;0m▀[38;2;0;0;0;48;2;0;0;0m▀[38;2;0;0;0;48;2;0;0;0m▀[38;2;0;0;0;48;2;0;0;0m▀[38;2;0;0;0;48;2;0;0;0m▀[38;2;0;0;0;48;2;0;0;0m▀[38;2;214;214;214;48;2;214;214;214m▀[38;2;214;214;214;48;2;214;214;214m▀[38;2;79;67;112;48;2;79;67;112m▀[38;2;79;67;112;48;2;79;67;112m▀[38;2;192;181;0;48;2;192;181;0m▀[38;2;192;181;0;48;2;192;181;0m▀[38;2;0;0;0;48;2;0;0;0m▀[38;2;0;0;0;48;2;0;0;0m▀[0m
[38;2;0;0;0;48;2;0;0;0m▀[38;2;0;0;0;48;2;0;0;0m▀[38;2;0;0;0;48;2;0;0;0m▀[38;2;0;0;0;48;2;0;0;0m▀[38;2;0;0;0;48;2;0;0;0m▀[38;2;0;0;0;48;2;0;0;0m▀[38;2;0;0;0;48;2;0;0;0m▀[38;2;0;0;0;48;2;0;0;0m▀[0m [0m [0m [0m [38;2;0;0;0;48;2;0;0;0m▀[38;2;0;0;0;48;2;0;0;0m▀[38;2;0;0;0;48;2;0;0;0m▀[38;2;0;0;0;48;2;0;0;0m▀[38;2;0;0;0;48;2;0;0;0m▀[38;2;0;0;0;48;2;0;0;0m▀[38;2;0;0;0;48;2;0;0;0m▀[38;2;0;0;0;48;2;0;0;0m▀[0m [0m [38;2;0;0;0;48;2;0;0;0m▀[38;2;0;0;0;48;2;0;0;0m▀[38;2;0;0;0;48;2;0;0;0m▀[38;2;0;0;0;48;2;0;0;0m▀[38;2;0;0;0;48;2;0;0;0m▀[38;2;0;0;0;48;2;0;0;0m▀[38;2;0;0;0;48;2;0;0;0m▀[38;2;0;0;0;48;2;0;0;0m▀[0m [0m [0m
