[0m [0m [0m [0m [0m [0m [0m [0m [0m [0m [0m [0m [0m [0m [0m [0m [0m [0m [0m [0m [0m [0m [0m [0m [0m [0m [0m [0m [0m [0m [0m [0m [0m
[0m [0m [0m [0m [0m [0m [0m [0m [0m [0m [0m [0m [0m [0m [0m [0m [0m [0m [0m [0m [0m [0m [0m [0m [0m [0m [0m [0m [0m [0m [0m [0m [0m
[0m [0m [0m [0m [0m [0m [0m [0m [0m [0m [0m [0m [0m [0m [0m [0m [0m [0m [0m [0m [0m [0m [0m [0m [0m [0m [0m [0m [0m [0m [0m [0m [0m
[0m [0m [0m [0m [0m [0m [0m [0m [0m [0m [0m [0m [0m [0m [0m [0m [0m [0m [0m [0m [0m [0m [0m [0m [0m [0m [38;2;0;0;0;48;2;0;0;0m▀[38;2;0;0;0;48;2;0;0;0m▀[38;2;0;0;0;48;2;0;0;0m▀[38;2;0;0;0;48;2;0;0;0m▀[0m [0m [0m
[38;2;216;184;81;48;2;216;184;81m▀[38;2;216;184;81;48;2;216;184;81m▀[0m [0m [38;2;216;184;81;48;2;216;184;81m▀[38;2;216;184;81;48;2;216;184;81m▀[0m [0m [38;2;216;184;81;48;2;216;184;81m▀[38;2;216;184;81;48;2;216;184;81m▀[0m [0m [0m [0m [0m [0m [0m [0m [0m [0m [0m [0m [0m [0m [38;2;0;0;0;48;2;0;0;0m▀[38;2;0;0;0;48;2;0;0;0m▀[38;2;250;245;178;48;2;250;245;178m▀[38;2;250;245;178;48;2;250;245;178m▀[38;2;230;222;95;48;2;230;222;95m▀[38;2;230;222;95;48;2;230;222;95m▀[38;2;0;0;0;48;2;0;0;0m▀[38;2;0;0;0;48;2;0;0;0m▀[0m
[38;2;216;184;81;48;2;216;184;81m▀[38;2;216;184;81;48;2;216;184;81m▀[0m [0m [38;2;216;184;81;48;2;216;184;81m▀[38;2;216;184;81;48;2;216;184;81m▀[0m [0m [38;2;216;184;81;48;2;216;184;81m▀[38;2;216;184;81;48;2;216;184;81m▀[0m [0m [0m [0m [0m [0m [0m [0m [0m [0m [0m [0m [0m [0m [38;2;0;0;0;48;2;0;0;0m▀[38;2;0;0;0;48;2;0;0;0m▀[38;2;0;0;0;48;2;0;0;0m▀[38;2;0;0;0;48;2;0;0;0m▀[38;2;0;0;0;48;2;0;0;0m▀[38;2;0;0;0;48;2;0;0;0m▀[38;2;0;0;0;48;2;0;0;0m▀[38;2;0;0;0;48;2;0;0;0m▀[0m
[38;2;159;132;48;48;2;159;132;48m▀[38;2;159;132;48;48;2;159;132;48m▀[38;2;0;0;0;48;2;0;0;0m▀[38;2;0;0;0;48;2;0;0;0m▀[38;2;159;132;48;48;2;159;132;48m▀[38;2;159;132;48;48;2;159;132;48m▀[38;2;0;0;0;48;2;0;0;0m▀[38;2;0;0;0;48;2;0;0;0m▀[38;2;159;132;48;48;2;159;132;48m▀[38;2;159;132;48;48;2;159;132;48m▀[0m [0m [38;2;0;0;0;48;2;0;0;0m▀[38;2;0;0;0;48;2;0;0;0m▀[38;2;0;0;0;48;2;0;0;0m▀[38;2;0;0;0;48;2;0;0;0m▀[38;2;0;0;0;48;2;0;0;0m▀[38;2;0;0;0;48;2;0;0;0m▀[38;2;0;0;0;48;2;0;0;0m▀[38;2;0;0;0;48;2;0;0;0m▀[0m [0m [38;2;23;94;200;48;2;23;94;200m▀[38;2;23;94;200;48;2;23;94;200m▀[38;2;0;0;0;48;2;0;0;0m▀[38;2;0;0;0;48;2;0;0;0m▀[38;2;191;199;211;48;2;191;199;211m▀[38;2;191;199;211;48;2;191;199;211m▀[38;2;141;155;177;48;2;141;155;177m▀[38;2;141;155;177;48;2;141;155;177m▀[38;2;0;0;0;48;2;0;0;0m▀[38;2;0;0;0;48;2;0;0;0m▀[0m
[38;2;0;0;0;48;2;0;0;0m▀[38;2;0;0;0;48;2;0;0;0m▀[38;2;233;87;46;48;2;233;87;46m▀[38;2;233;87;46;48;2;233;87;46m▀[38;2;201;63;27;48;2;201;63;27m▀[38;2;201;63;27;48;2;201;63;27m▀[38;2;201;63;27;48;2;201;63;27m▀[38;2;201;63;27;48;2;201;63;27m▀[38;2;0;0;0;48;2;0;0;0m▀[38;2;0;0;0;48;2;0;0;0m▀[38;2;0;0;0;48;2;0;0;0m▀[38;2;0;0;0;48;2;0;0;0m▀[38;2;225;231;239;48;2;225;231;239m▀[38;2;225;231;239;48;2;225;231;239m▀[38;2;233;87;46;48;2;233;87;46m▀[38;2;233;87;46;48;2;233;87;46m▀[38;2;201;63;27;48;2;201;63;27m▀[38;2;201;63;27;48;2;201;63;27m▀[38;2;191;199;211;48;2;191;199;211m▀[38;2;191;199;211;48;2;191;199;211m▀[38;2;0;0;0;48;2;0;0;0m▀[38;2;0;0;0;48;2;0;0;0m▀[0m [0m [38;2;0;0;0;48;2;0;0;0m▀[38;2;0;0;0;48;2;0;0;0m▀[38;2;191;199;211;48;2;191;199;211m▀[38;2;191;199;211;48;2;191;199;211m▀[38;2;141;155;177;48;2;141;155;177m▀[38;2;141;155;177;48;2;141;155;177m▀[38;2;0;0;0;48;2;0;0;0m▀[38;2;0;0;0;48;2;0;0;0m▀[0m
[38;2;0;0;0;48;2;0;0;0m▀[38;2;0;0;0;48;2;0;0;0m▀[38;2;201;63;27;48;2;201;63;27m▀[38;2;201;63;27;48;2;201;63;27m▀[38;2;0;0;0;48;2;0;0;0m▀[38;2;0;0;0;48;2;0;0;0m▀[38;2;0;0;0;48;2;0;0;0m▀[38;2;0;0;0;48;2;0;0;0m▀[38;2;0;0;0;48;2;0;0;0m▀[38;2;0;0;0;48;2;0;0;0m▀[38;2;225;231;239;48;2;225;231;239m▀[38;2;225;231;239;48;2;225;231;239m▀[38;2;191;199;211;48;2;191;199;211m▀[38;2;191;199;211;48;2;191;199;211m▀[38;2;191;199;211;48;2;191;199;211m▀[38;2;191;199;211;48;2;191;199;211m▀[38;2;141;155;177;48;2;141;155;177m▀[38;2;141;155;177;48;2;141;155;177m▀[38;2;141;155;177;48;2;141;155;177m▀[38;2;141;155;177;48;2;141;155;177m▀[38;2;230;222;95;48;2;230;222;95m▀[38;2;230;222;95;48;2;230;222;95m▀[38;2;0;0;0;48;2;0;0;0m▀[38;2;0;0;0;48;2;0;0;0m▀[38;2;0;0;0;48;2;0;0;0m▀[38;2;0;0;0;48;2;0;0;0m▀[38;2;141;155;177;48;2;141;155;177m▀[38;2;141;155;177;48;2;141;155;177m▀[38;2;141;155;177;48;2;141;155;177m▀[38;2;141;155;177;48;2;141;155;177m▀[38;2;0;0;0;48;2;0;0;0m▀[38;2;0;0;0;48;2;0;0;0m▀[0m
[38;2;0;0;0;48;2;0;0;0m▀[38;2;0;0;0;48;2;0;0;0m▀[38;2;0;0;0;48;2;0;0;0m▀[38;2;0;0;0;48;2;0;0;0m▀[38;2;191;199;211;48;2;191;199;211m▀[38;2;191;199;211;48;2;191;199;211m▀[38;2;141;155;177;48;2;141;155;177m▀[38;2;141;155;177;48;2;141;155;177m▀[38;2;0;0;0;48;2;0;0;0m▀[38;2;0;0;0;48;2;0;0;0m▀[38;2;57;228;189;48;2;57;228;189m▀[38;2;57;228;189;48;2;57;228;189m▀[38;2;141;155;177;48;2;141;155;177m▀[38;2;141;155;177;48;2;141;155;177m▀[38;2;141;155;177;48;2;141;155;177m▀[38;2;141;155;177;48;2;141;155;177m▀[38;2;141;155;177;48;2;141;155;177m▀[38;2;141;155;177;48;2;141;155;177m▀[38;2;141;155;177;48;2;141;155;177m▀[38;2;141;155;177;48;2;141;155;177m▀[38;2;141;155;177;48;2;141;155;177m▀[38;2;141;155;177;48;2;141;155;177m▀[38;2;0;0;0;48;2;0;0;0m▀[38;2;0;0;0;48;2;0;0;0m▀[38;2;141;155;177;48;2;141;155;177m▀[38;2;141;155;177;48;2;141;155;177m▀[38;2;0;0;0;48;2;0;0;0m▀[38;2;0;0;0;48;2;0;0;0m▀[38;2;0;0;0;48;2;0;0;0m▀[38;2;0;0;0;48;2;0;0;0m▀[0m [0m [0m
[0m [0m [0m [0m [38;2;0;0;0;48;2;0;0;0m▀[38;2;0;0;0;48;2;0;0;0m▀[38;2;0;0;0;48;2;0;0;0m▀[38;2;0;0;0;48;2;0;0;0m▀[38;2;0;0;0;48;2;0;0;0m▀[38;2;0;0;0;48;2;0;0;0m▀[38;2;141;155;177;48;2;141;155;177m▀[38;2;141;155;177;48;2;141;155;177m▀[38;2;201;63;27;48;2;201;63;27m▀[38;2;201;63;27;48;2;201;63;27m▀[38;2;201;63;27;48;2;201;63;27m▀[38;2;201;63;27;48;2;201;63;27m▀[38;2;201;63;27;48;2;201;63;27m▀[38;2;201;63;27;48;2;201;63;27m▀[38;2;201;63;27;48;2;201;63;27m▀[38;2;201;63;27;48;2;201;63;27m▀[38;2;230;222;95;48;2;230;222;95m▀[38;2;230;222;95;48;2;230;222;95m▀[38;2;0;0;0;48;2;0;0;0m▀[38;2;0;0;0;48;2;0;0;0m▀[38;2;0;0;0;48;2;0;0;0m▀[38;2;0;0;0;48;2;0;0;0m▀[0m [0m [38;2;89;169;82;48;2;89;169;82m▀[38;2;89;169;82;48;2;89;169;82m▀[0m [0m [0m
[0m [0m [0m [0m [38;2;226;136;26;48;2;226;136;26m▀[38;2;226;136;26;48;2;226;136;26m▀[0m [0m [38;2;0;0;0;48;2;0;0;0m▀[38;2;0;0;0;48;2;0;0;0m▀[38;2;201;63;27;48;2;201;63;27m▀[38;2;201;63;27;48;2;201;63;27m▀[38;2;233;87;46;48;2;233;87;46m▀[38;2;233;87;46;48;2;233;87;46m▀[38;2;0;0;0;48;2;0;0;0m▀[38;2;0;0;0;48;2;0;0;0m▀[38;2;0;0;0;48;2;0;0;0m▀[38;2;0;0;0;48;2;0;0;0m▀[38;2;201;63;27;48;2;201;63;27m▀[38;2;201;63;27;48;2;201;63;27m▀[38;2;201;63;27;48;2;201;63;27m▀[38;2;201;63;27;48;2;201;63;27m▀[38;2;0;0;0;48;2;0;0;0m▀[38;2;0;0;0;48;2;0;0;0m▀[38;2;89;169;82;48;2;89;169;82m▀[38;2;89;169;82;48;2;89;169;82m▀[38;2;89;169;82;48;2;89;169;82m▀[38;2;89;169;82;48;2;89;169;82m▀[0m [0m [0m [0m [0m
[0m [0m [0m [0m [0m [0m [38;2;226;136;26;48;2;226;136;26m▀[38;2;226;136;26;48;2;226;136;26m▀[38;2;226;136;26;48;2;226;136;26m▀[38;2;226;136;26;48;2;226;136;26m▀[38;2;0;0;0;48;2;0;0;0m▀[38;2;0;0;0;48;2;0;0;0m▀[38;2;233;87;46;48;2;233;87;46m▀[38;2;233;87;46;48;2;233;87;46m▀[38;2;233;87;46;48;2;233;87;46m▀[38;2;233;87;46;48;2;233;87;46m▀[38;2;233;87;46;48;2;233;87;46m▀[38;2;233;87;46;48;2;233;87;46m▀[38;2;233;87;46;48;2;233;87;46m▀[38;2;233;87;46;48;2;233;87;46m▀[38;2;0;0;0;48;2;0;0;0m▀[38;2;0;0;0;48;2;0;0;0m▀[0m [0m [0m [0m [0m [0m [0m [0m [0m [0m [0m
[0m [0m [0m [0m [0m [0m [0m [0m [38;2;0;0;0;48;2;0;0;0m▀[38;2;0;0;0;48;2;0;0;0m▀[38;2;0;0;0;48;2;0;0;0m▀[38;2;0;0;0;48;2;0;0;0m▀[38;2;0;0;0;48;2;0;0;0m▀[38;2;0;0;0;48;2;0;0;0m▀[38;2;0;0;0;48;2;0;0;0m▀[38;2;0;0;0;48;2;0;0;0m▀[38;2;0;0;0;48;2;0;0;0m▀[38;2;0;0;0;48;2;0;0;0m▀[38;2;0;0;0;48;2;0;0;0m▀[38;2;0;0;0;48;2;0;0;0m▀[38;2;0;0;0;48;2;0;0;0m▀[38;2;0;0;0;48;2;0;0;0m▀[38;2;0;0;0;48;2;0;0;0m▀[38;2;0;0;0;48;2;0;0;0m▀[0m [0m [0m [0m [0m [0m [0m [0m [0m
[0m [0m [0m [0m [0m [0m [38;2;0;0;0;48;2;0;0;0m▀[38;2;0;0;0;48;2;0;0;0m▀[38;2;191;199;211;48;2;191;199;211m▀[38;2;191;199;211;48;2;191;199;211m▀[38;2;141;155;177;48;2;141;155;177m▀[38;2;141;155;177;48;2;141;155;177m▀[38;2;0;0;0;48;2;0;0;0m▀[38;2;0;0;0;48;2;0;0;0m▀[0m [0m [0m [0m [38;2;0;0;0;48;2;0;0;0m▀[38;2;0;0;0;48;2;0;0;0m▀[38;2;141;155;177;48;2;141;155;177m▀[38;2;141;155;177;48;2;141;155;177m▀[38;2;191;199;211;48;2;191;199;211m▀[38;2;191;199;211;48;2;191;199;211m▀[38;2;0;0;0;48;2;0;0;0m▀[38;2;0;0;0;48;2;0;0;0m▀[0m [0m [0m [0m [0m [0m [0m
[0m [0m [0m [0m [0m [0m [38;2;0;0;0;48;2;0;0;0m▀[38;2;0;0;0;48;2;0;0;0m▀[38;2;0;0;0;48;2;0;0;0m▀[38;2;0;0;0;48;2;0;0;0m▀[38;2;0;0;0;48;2;0;0;0m▀[38;2;0;0;0;48;2;0;0;0m▀[38;2;0;0;0;48;2;0;0;0m▀[38;2;0;0;0;48;2;0;0;0m▀[0m [0m [0m [0m [38;2;0;0;0;48;2;0;0;0m▀[38;2;0;0;0;48;2;0;0;0m▀[38;2;0;0;0;48;2;0;0;0m▀[38;2;0;0;0;48;2;0;0;0m▀[38;2;0;0;0;48;2;0;0;0m▀[38;2;0;0;0;48;2;0;0;0m▀[38;2;0;0;0;48;2;0;0;0m▀[38;2;0;0;0;48;2;0;0;0m▀[0m [0m [0m [0m [0m [0m [0m
