[0m [0m [0m [0m [0m [0m [0m [0m [0m [0m [0m [0m [0m [0m [0m [0m [0m [0m [0m [0m [0m [0m [0m [0m [0m [0m [0m [0m [0m [0m [0m [0m [0m
[0m [0m [0m [0m [0m [0m [0m [0m [0m [0m [0m [0m [0m [0m [0m [0m [0m [0m [0m [0m [0m [0m [0m [0m [0m [0m [0m [0m [0m [0m [0m [0m [0m
[0m [0m [0m [0m [0m [0m [0m [0m [0m [0m [0m [0m [0m [0m [0m [0m [0m [0m [0m [0m [0m [0m [0m [0m [0m [0m [0m [0m [0m [0m [0m [0m [0m
[0m [0m [0m [0m [0m [0m [0m [0m [0m [0m [0m [0m [0m [0m [0m [0m [0m [0m [0m [0m [0m [0m [0m [0m [0m [0m [0m [0m [0m [0m [0m [0m [0m
[38;2;0;0;0;48;2;0;0;0m▀[38;2;0;0;0;48;2;0;0;0m▀[38;2;0;0;0;48;2;0;0;0m▀[38;2;0;0;0;48;2;0;0;0m▀[38;2;0;0;0;48;2;0;0;0m▀[38;2;0;0;0;48;2;0;0;0m▀[38;2;0;0;0;48;2;0;0;0m▀[38;2;0;0;0;48;2;0;0;0m▀[0m [0m [38;2;0;0;0;48;2;0;0;0m▀[38;2;0;0;0;48;2;0;0;0m▀[38;2;0;0;0;48;2;0;0;0m▀[38;2;0;0;0;48;2;0;0;0m▀[38;2;0;0;0;48;2;0;0;0m▀[38;2;0;0;0;48;2;0;0;0m▀[38;2;0;0;0;48;2;0;0;0m▀[38;2;0;0;0;48;2;0;0;0m▀[38;2;0;0;0;48;2;0;0;0m▀[38;2;0;0;0;48;2;0;0;0m▀[0m [0m [0m [0m [0m [0m [0m [0m [0m [0m [0m [0m [0m
[38;2;0;0;0;48;2;0;0;0m▀[38;2;0;0;0;48;2;0;0;0m▀[38;2;104;36;132;48;2;104;36;132m▀[38;2;104;36;132;48;2;104;36;132m▀[38;2;152;0;216;48;2;152;0;216m▀[38;2;152;0;216;48;2;152;0;216m▀[38;2;104;36;132;48;2;104;36;132m▀[38;2;104;36;132;48;2;104;36;132m▀[38;2;0;0;0;48;2;0;0;0m▀[38;2;0;0;0;48;2;0;0;0m▀[38;2;104;64;184;48;2;104;64;184m▀[38;2;104;64;184;48;2;104;64;184m▀[38;2;142;102;223;48;2;142;102;223m▀[38;2;142;102;223;48;2;142;102;223m▀[38;2;104;64;184;48;2;104;64;184m▀[38;2;104;64;184;48;2;104;64;184m▀[38;2;142;102;223;48;2;142;102;223m▀[38;2;142;102;223;48;2;142;102;223m▀[38;2;104;64;184;48;2;104;64;184m▀[38;2;104;64;184;48;2;104;64;184m▀[38;2;0;0;0;48;2;0;0;0m▀[38;2;0;0;0;48;2;0;0;0m▀[0m [0m [0m [0m [0m [0m [0m [0m [0m [0m [0m
[0m [0m [38;2;0;0;0;48;2;0;0;0m▀[38;2;0;0;0;48;2;0;0;0m▀[38;2;0;0;0;48;2;0;0;0m▀[38;2;0;0;0;48;2;0;0;0m▀[38;2;152;0;216;48;2;152;0;216m▀[38;2;152;0;216;48;2;152;0;216m▀[38;2;104;36;132;48;2;104;36;132m▀[38;2;104;36;132;48;2;104;36;132m▀[38;2;152;0;216;48;2;152;0;216m▀[38;2;152;0;216;48;2;152;0;216m▀[38;2;104;64;184;48;2;104;64;184m▀[38;2;104;64;184;48;2;104;64;184m▀[38;2;142;102;223;48;2;142;102;223m▀[38;2;142;102;223;48;2;142;102;223m▀[38;2;104;64;184;48;2;104;64;184m▀[38;2;104;64;184;48;2;104;64;184m▀[38;2;142;102;223;48;2;142;102;223m▀[38;2;142;102;223;48;2;142;102;223m▀[38;2;104;64;184;48;2;104;64;184m▀[38;2;104;64;184;48;2;104;64;184m▀[38;2;0;0;0;48;2;0;0;0m▀[38;2;0;0;0;48;2;0;0;0m▀[0m [0m [0m [0m [0m [0m [0m [0m [0m
[0m [0m [0m [0m [38;2;0;0;0;48;2;0;0;0m▀[38;2;0;0;0;48;2;0;0;0m▀[38;2;0;0;0;48;2;0;0;0m▀[38;2;0;0;0;48;2;0;0;0m▀[38;2;0;0;0;48;2;0;0;0m▀[38;2;0;0;0;48;2;0;0;0m▀[38;2;0;0;0;48;2;0;0;0m▀[38;2;0;0;0;48;2;0;0;0m▀[38;2;200;144;40;48;2;200;144;40m▀[38;2;200;144;40;48;2;200;144;40m▀[38;2;224;200;144;48;2;224;200;144m▀[38;2;224;200;144;48;2;224;200;144m▀[38;2;200;144;40;48;2;200;144;40m▀[38;2;200;144;40;48;2;200;144;40m▀[38;2;200;144;40;48;2;200;144;40m▀[38;2;200;144;40;48;2;200;144;40m▀[38;2;142;102;223;48;2;142;102;223m▀[38;2;142;102;223;48;2;142;102;223m▀[38;2;104;64;184;48;2;104;64;184m▀[38;2;104;64;184;48;2;104;64;184m▀[38;2;0;0;0;48;2;0;0;0m▀[38;2;0;0;0;48;2;0;0;0m▀[0m [0m [0m [0m [0m [0m [0m
[0m [0m [38;2;0;0;0;48;2;0;0;0m▀[38;2;0;0;0;48;2;0;0;0m▀[38;2;248;248;248;48;2;248;248;248m▀[38;2;248;248;248;48;2;248;248;248m▀[38;2;248;248;248;48;2;248;248;248m▀[38;2;248;248;248;48;2;248;248;248m▀[38;2;248;248;248;48;2;248;248;248m▀[38;2;248;248;248;48;2;248;248;248m▀[38;2;248;248;248;48;2;248;248;248m▀[38;2;248;248;248;48;2;248;248;248m▀[38;2;248;248;248;48;2;248;248;248m▀[38;2;248;248;248;48;2;248;248;248m▀[38;2;224;200;144;48;2;224;200;144m▀[38;2;224;200;144;48;2;224;200;144m▀[38;2;0;0;0;48;2;0;0;0m▀[38;2;0;0;0;48;2;0;0;0m▀[38;2;224;200;144;48;2;224;200;144m▀[38;2;224;200;144;48;2;224;200;144m▀[38;2;200;144;40;48;2;200;144;40m▀[38;2;200;144;40;48;2;200;144;40m▀[38;2;142;102;223;48;2;142;102;223m▀[38;2;142;102;223;48;2;142;102;223m▀[38;2;0;0;0;48;2;0;0;0m▀[38;2;0;0;0;48;2;0;0;0m▀[0m [0m [0m [0m [0m [0m [0m
[0m [0m [38;2;0;0;0;48;2;0;0;0m▀[38;2;0;0;0;48;2;0;0;0m▀[38;2;248;248;248;48;2;248;248;248m▀[38;2;248;248;248;48;2;248;248;248m▀[38;2;224;200;144;48;2;224;200;144m▀[38;2;224;200;144;48;2;224;200;144m▀[38;2;248;248;248;48;2;248;248;248m▀[38;2;248;248;248;48;2;248;248;248m▀[38;2;248;248;248;48;2;248;248;248m▀[38;2;248;248;248;48;2;248;248;248m▀[38;2;248;248;248;48;2;248;248;248m▀[38;2;248;248;248;48;2;248;248;248m▀[38;2;224;200;144;48;2;224;200;144m▀[38;2;224;200;144;48;2;224;200;144m▀[38;2;224;200;144;48;2;224;200;144m▀[38;2;224;200;144;48;2;224;200;144m▀[38;2;200;144;40;48;2;200;144;40m▀[38;2;200;144;40;48;2;200;144;40m▀[38;2;142;102;223;48;2;142;102;223m▀[38;2;142;102;223;48;2;142;102;223m▀[38;2;104;64;184;48;2;104;64;184m▀[38;2;104;64;184;48;2;104;64;184m▀[38;2;142;102;223;48;2;142;102;223m▀[38;2;142;102;223;48;2;142;102;223m▀[38;2;0;0;0;48;2;0;0;0m▀[38;2;0;0;0;48;2;0;0;0m▀[0m [0m [0m [0m [0m
[0m [0m [38;2;0;0;0;48;2;0;0;0m▀[38;2;0;0;0;48;2;0;0;0m▀[38;2;224;200;144;48;2;224;200;144m▀[38;2;224;200;144;48;2;224;200;144m▀[38;2;0;0;0;48;2;0;0;0m▀[38;2;0;0;0;48;2;0;0;0m▀[38;2;224;200;144;48;2;224;200;144m▀[38;2;224;200;144;48;2;224;200;144m▀[38;2;224;200;144;48;2;224;200;144m▀[38;2;224;200;144;48;2;224;200;144m▀[38;2;248;248;248;48;2;248;248;248m▀[38;2;248;248;248;48;2;248;248;248m▀[38;2;248;248;248;48;2;248;248;248m▀[38;2;248;248;248;48;2;248;248;248m▀[38;2;224;200;144;48;2;224;200;144m▀[38;2;224;200;144;48;2;224;200;144m▀[38;2;200;144;40;48;2;200;144;40m▀[38;2;200;144;40;48;2;200;144;40m▀[38;2;200;144;40;48;2;200;144;40m▀[38;2;200;144;40;48;2;200;144;40m▀[38;2;200;144;40;48;2;200;144;40m▀[38;2;200;144;40;48;2;200;144;40m▀[38;2;104;64;184;48;2;104;64;184m▀[38;2;104;64;184;48;2;104;64;184m▀[38;2;0;0;0;48;2;0;0;0m▀[38;2;0;0;0;48;2;0;0;0m▀[0m [0m [0m [0m [0m
[0m [0m [0m [0m [38;2;0;0;0;48;2;0;0;0m▀[38;2;0;0;0;48;2;0;0;0m▀[38;2;224;200;144;48;2;224;200;144m▀[38;2;224;200;144;48;2;224;200;144m▀[38;2;0;0;0;48;2;0;0;0m▀[38;2;0;0;0;48;2;0;0;0m▀[38;2;0;0;0;48;2;0;0;0m▀[38;2;0;0;0;48;2;0;0;0m▀[38;2;224;200;144;48;2;224;200;144m▀[38;2;224;200;144;48;2;224;200;144m▀[38;2;224;200;144;48;2;224;200;144m▀[38;2;224;200;144;48;2;224;200;144m▀[38;2;224;200;144;48;2;224;200;144m▀[38;2;224;200;144;48;2;224;200;144m▀[38;2;224;200;144;48;2;224;200;144m▀[38;2;224;200;144;48;2;224;200;144m▀[38;2;224;200;144;48;2;224;200;144m▀[38;2;224;200;144;48;2;224;200;144m▀[38;2;200;144;40;48;2;200;144;40m▀[38;2;200;144;40;48;2;200;144;40m▀[38;2;200;144;40;48;2;200;144;40m▀[38;2;200;144;40;48;2;200;144;40m▀[38;2;142;102;223;48;2;142;102;223m▀[38;2;142;102;223;48;2;142;102;223m▀[38;2;0;0;0;48;2;0;0;0m▀[38;2;0;0;0;48;2;0;0;0m▀[0m [0m [0m
[0m [0m [38;2;0;0;0;48;2;0;0;0m▀[38;2;0;0;0;48;2;0;0;0m▀[38;2;0;0;0;48;2;0;0;0m▀[38;2;0;0;0;48;2;0;0;0m▀[38;2;248;248;248;48;2;248;248;248m▀[38;2;248;248;248;48;2;248;248;248m▀[38;2;224;200;144;48;2;224;200;144m▀[38;2;224;200;144;48;2;224;200;144m▀[38;2;200;144;40;48;2;200;144;40m▀[38;2;200;144;40;48;2;200;144;40m▀[38;2;0;0;0;48;2;0;0;0m▀[38;2;0;0;0;48;2;0;0;0m▀[38;2;0;0;0;48;2;0;0;0m▀[38;2;0;0;0;48;2;0;0;0m▀[38;2;248;248;248;48;2;248;248;248m▀[38;2;248;248;248;48;2;248;248;248m▀[38;2;200;144;40;48;2;200;144;40m▀[38;2;200;144;40;48;2;200;144;40m▀[38;2;0;0;0;48;2;0;0;0m▀[38;2;0;0;0;48;2;0;0;0m▀[38;2;200;144;40;48;2;200;144;40m▀[38;2;200;144;40;48;2;200;144;40m▀[38;2;200;144;40;48;2;200;144;40m▀[38;2;200;144;40;48;2;200;144;40m▀[38;2;104;64;184;48;2;104;64;184m▀[38;2;104;64;184;48;2;104;64;184m▀[38;2;0;0;0;48;2;0;0;0m▀[38;2;0;0;0;48;2;0;0;0m▀[0m [0m [0m
[38;2;0;0;0;48;2;0;0;0m▀[38;2;0;0;0;48;2;0;0;0m▀[38;2;248;248;248;48;2;248;248;248m▀[38;2;248;248;248;48;2;248;248;248m▀[38;2;200;144;40;48;2;200;144;40m▀[38;2;200;144;40;48;2;200;144;40m▀[38;2;0;0;0;48;2;0;0;0m▀[38;2;0;0;0;48;2;0;0;0m▀[38;2;0;0;0;48;2;0;0;0m▀[38;2;0;0;0;48;2;0;0;0m▀[38;2;0;0;0;48;2;0;0;0m▀[38;2;0;0;0;48;2;0;0;0m▀[38;2;248;248;248;48;2;248;248;248m▀[38;2;248;248;248;48;2;248;248;248m▀[38;2;248;248;248;48;2;248;248;248m▀[38;2;248;248;248;48;2;248;248;248m▀[38;2;200;144;40;48;2;200;144;40m▀[38;2;200;144;40;48;2;200;144;40m▀[38;2;224;200;144;48;2;224;200;144m▀[38;2;224;200;144;48;2;224;200;144m▀[38;2;200;144;40;48;2;200;144;40m▀[38;2;200;144;40;48;2;200;144;40m▀[38;2;0;0;0;48;2;0;0;0m▀[38;2;0;0;0;48;2;0;0;0m▀[38;2;0;0;0;48;2;0;0;0m▀[38;2;0;0;0;48;2;0;0;0m▀[38;2;200;144;40;48;2;200;144;40m▀[38;2;200;144;40;48;2;200;144;40m▀[38;2;224;200;144;48;2;224;200;144m▀[38;2;224;200;144;48;2;224;200;144m▀[38;2;0;0;0;48;2;0;0;0m▀[38;2;0;0;0;48;2;0;0;0m▀[0m
[38;2;0;0;0;48;2;0;0;0m▀[38;2;0;0;0;48;2;0;0;0m▀[38;2;152;0;216;48;2;152;0;216m▀[38;2;152;0;216;48;2;152;0;216m▀[38;2;0;0;0;48;2;0;0;0m▀[38;2;0;0;0;48;2;0;0;0m▀[38;2;200;144;40;48;2;200;144;40m▀[38;2;200;144;40;48;2;200;144;40m▀[38;2;200;144;40;48;2;200;144;40m▀[38;2;200;144;40;48;2;200;144;40m▀[38;2;0;0;0;48;2;0;0;0m▀[38;2;0;0;0;48;2;0;0;0m▀[38;2;152;0;216;48;2;152;0;216m▀[38;2;152;0;216;48;2;152;0;216m▀[38;2;200;144;40;48;2;200;144;40m▀[38;2;200;144;40;48;2;200;144;40m▀[38;2;152;0;216;48;2;152;0;216m▀[38;2;152;0;216;48;2;152;0;216m▀[38;2;0;0;0;48;2;0;0;0m▀[38;2;0;0;0;48;2;0;0;0m▀[38;2;152;0;216;48;2;152;0;216m▀[38;2;152;0;216;48;2;152;0;216m▀[38;2;0;0;0;48;2;0;0;0m▀[38;2;0;0;0;48;2;0;0;0m▀[38;2;152;0;216;48;2;152;0;216m▀[38;2;152;0;216;48;2;152;0;216m▀[38;2;200;144;40;48;2;200;144;40m▀[38;2;200;144;40;48;2;200;144;40m▀[38;2;200;144;40;48;2;200;144;40m▀[38;2;200;144;40;48;2;200;144;40m▀[38;2;0;0;0;48;2;0;0;0m▀[38;2;0;0;0;48;2;0;0;0m▀[0m
[38;2;0;0;0;48;2;0;0;0m▀[38;2;0;0;0;48;2;0;0;0m▀[38;2;0;0;0;48;2;0;0;0m▀[38;2;0;0;0;48;2;0;0;0m▀[38;2;0;0;0;48;2;0;0;0m▀[38;2;0;0;0;48;2;0;0;0m▀[38;2;0;0;0;48;2;0;0;0m▀[38;2;0;0;0;48;2;0;0;0m▀[38;2;0;0;0;48;2;0;0;0m▀[38;2;0;0;0;48;2;0;0;0m▀[38;2;0;0;0;48;2;0;0;0m▀[38;2;0;0;0;48;2;0;0;0m▀[38;2;0;0;0;48;2;0;0;0m▀[38;2;0;0;0;48;2;0;0;0m▀[38;2;0;0;0;48;2;0;0;0m▀[38;2;0;0;0;48;2;0;0;0m▀[38;2;0;0;0;48;2;0;0;0m▀[38;2;0;0;0;48;2;0;0;0m▀[38;2;0;0;0;48;2;0;0;0m▀[38;2;0;0;0;48;2;0;0;0m▀[38;2;0;0;0;48;2;0;0;0m▀[38;2;0;0;0;48;2;0;0;0m▀[38;2;0;0;0;48;2;0;0;0m▀[38;2;0;0;0;48;2;0;0;0m▀[38;2;0;0;0;48;2;0;0;0m▀[38;2;0;0;0;48;2;0;0;0m▀[38;2;0;0;0;48;2;0;0;0m▀[38;2;0;0;0;48;2;0;0;0m▀[38;2;0;0;0;48;2;0;0;0m▀[38;2;0;0;0;48;2;0;0;0m▀[38;2;0;0;0;48;2;0;0;0m▀[38;2;0;0;0;48;2;0;0;0m▀[0m
