[0m [0m [0m [0m [0m [0m [0m [0m [0m [0m [0m [0m [0m [0m [0m [0m [0m [0m [0m [0m [0m [0m [0m [0m [0m [0m [0m [0m [0m [0m [0m [0m [0m
[0m [0m [0m [0m [0m [0m [0m [0m [0m [0m [38;2;0;0;0;48;2;0;0;0m▀[38;2;0;0;0;48;2;0;0;0m▀[38;2;0;0;0;48;2;0;0;0m▀[38;2;0;0;0;48;2;0;0;0m▀[38;2;0;0;0;48;2;0;0;0m▀[38;2;0;0;0;48;2;0;0;0m▀[0m [0m [0m [0m [38;2;0;0;0;48;2;0;0;0m▀[38;2;0;0;0;48;2;0;0;0m▀[38;2;0;0;0;48;2;0;0;0m▀[38;2;0;0;0;48;2;0;0;0m▀[0m [0m [0m [0m [0m [0m [0m [0m [0m
[0m [0m [0m [0m [0m [0m [0m [0m [38;2;0;0;0;48;2;0;0;0m▀[38;2;0;0;0;48;2;0;0;0m▀[38;2;0;132;189;48;2;0;132;189m▀[38;2;0;132;189;48;2;0;132;189m▀[38;2;0;132;189;48;2;0;132;189m▀[38;2;0;132;189;48;2;0;132;189m▀[38;2;0;132;189;48;2;0;132;189m▀[38;2;0;132;189;48;2;0;132;189m▀[38;2;0;0;0;48;2;0;0;0m▀[38;2;0;0;0;48;2;0;0;0m▀[38;2;0;0;0;48;2;0;0;0m▀[38;2;0;0;0;48;2;0;0;0m▀[38;2;0;132;189;48;2;0;132;189m▀[38;2;0;132;189;48;2;0;132;189m▀[38;2;0;132;189;48;2;0;132;189m▀[38;2;0;132;189;48;2;0;132;189m▀[38;2;0;0;0;48;2;0;0;0m▀[38;2;0;0;0;48;2;0;0;0m▀[0m [0m [0m [0m [0m [0m [0m
[0m [0m [0m [0m [0m [0m [0m [0m [38;2;0;0;0;48;2;0;0;0m▀[38;2;0;0;0;48;2;0;0;0m▀[38;2;0;99;148;48;2;0;99;148m▀[38;2;0;99;148;48;2;0;99;148m▀[38;2;247;222;82;48;2;247;222;82m▀[38;2;247;222;82;48;2;247;222;82m▀[38;2;0;132;189;48;2;0;132;189m▀[38;2;0;132;189;48;2;0;132;189m▀[38;2;0;0;0;48;2;0;0;0m▀[38;2;0;0;0;48;2;0;0;0m▀[38;2;0;132;189;48;2;0;132;189m▀[38;2;0;132;189;48;2;0;132;189m▀[38;2;247;222;82;48;2;247;222;82m▀[38;2;247;222;82;48;2;247;222;82m▀[38;2;0;99;148;48;2;0;99;148m▀[38;2;0;99;148;48;2;0;99;148m▀[38;2;0;0;0;48;2;0;0;0m▀[38;2;0;0;0;48;2;0;0;0m▀[0m [0m [0m [0m [0m [0m [0m
[0m [0m [0m [0m [0m [0m [0m [0m [0m [0m [38;2;0;0;0;48;2;0;0;0m▀[38;2;0;0;0;48;2;0;0;0m▀[38;2;0;99;148;48;2;0;99;148m▀[38;2;0;99;148;48;2;0;99;148m▀[38;2;222;189;8;48;2;222;189;8m▀[38;2;222;189;8;48;2;222;189;8m▀[38;2;0;0;0;48;2;0;0;0m▀[38;2;0;0;0;48;2;0;0;0m▀[38;2;222;189;8;48;2;222;189;8m▀[38;2;222;189;8;48;2;222;189;8m▀[38;2;0;132;189;48;2;0;132;189m▀[38;2;0;132;189;48;2;0;132;189m▀[38;2;0;99;148;48;2;0;99;148m▀[38;2;0;99;148;48;2;0;99;148m▀[38;2;0;0;0;48;2;0;0;0m▀[38;2;0;0;0;48;2;0;0;0m▀[0m [0m [0m [0m [0m [0m [0m
[0m [0m [0m [0m [0m [0m [0m [0m [0m [0m [38;2;0;0;0;48;2;0;0;0m▀[38;2;0;0;0;48;2;0;0;0m▀[38;2;0;0;0;48;2;0;0;0m▀[38;2;0;0;0;48;2;0;0;0m▀[38;2;0;0;0;48;2;0;0;0m▀[38;2;0;0;0;48;2;0;0;0m▀[38;2;222;82;49;48;2;222;82;49m▀[38;2;222;82;49;48;2;222;82;49m▀[38;2;0;0;0;48;2;0;0;0m▀[38;2;0;0;0;48;2;0;0;0m▀[38;2;0;0;0;48;2;0;0;0m▀[38;2;0;0;0;48;2;0;0;0m▀[38;2;0;0;0;48;2;0;0;0m▀[38;2;0;0;0;48;2;0;0;0m▀[0m [0m [0m [0m [0m [0m [0m [0m [0m
[0m [0m [0m [0m [0m [0m [0m [0m [38;2;0;0;0;48;2;0;0;0m▀[38;2;0;0;0;48;2;0;0;0m▀[38;2;0;132;189;48;2;0;132;189m▀[38;2;0;132;189;48;2;0;132;189m▀[38;2;0;132;189;48;2;0;132;189m▀[38;2;0;132;189;48;2;0;132;189m▀[38;2;247;222;82;48;2;247;222;82m▀[38;2;247;222;82;48;2;247;222;82m▀[38;2;0;0;0;48;2;0;0;0m▀[38;2;0;0;0;48;2;0;0;0m▀[38;2;247;222;82;48;2;247;222;82m▀[38;2;247;222;82;48;2;247;222;82m▀[38;2;0;132;189;48;2;0;132;189m▀[38;2;0;132;189;48;2;0;132;189m▀[38;2;0;0;0;48;2;0;0;0m▀[38;2;0;0;0;48;2;0;0;0m▀[0m [0m [0m [0m [0m [0m [0m [0m [0m
[0m [0m [0m [0m [0m [0m [0m [0m [38;2;0;0;0;48;2;0;0;0m▀[38;2;0;0;0;48;2;0;0;0m▀[38;2;0;132;189;48;2;0;132;189m▀[38;2;0;132;189;48;2;0;132;189m▀[38;2;255;255;132;48;2;255;255;132m▀[38;2;255;255;132;48;2;255;255;132m▀[38;2;0;99;148;48;2;0;99;148m▀[38;2;0;99;148;48;2;0;99;148m▀[38;2;0;0;0;48;2;0;0;0m▀[38;2;0;0;0;48;2;0;0;0m▀[38;2;0;132;189;48;2;0;132;189m▀[38;2;0;132;189;48;2;0;132;189m▀[38;2;255;255;132;48;2;255;255;132m▀[38;2;255;255;132;48;2;255;255;132m▀[38;2;0;132;189;48;2;0;132;189m▀[38;2;0;132;189;48;2;0;132;189m▀[38;2;0;0;0;48;2;0;0;0m▀[38;2;0;0;0;48;2;0;0;0m▀[0m [0m [0m [0m [0m [0m [0m
[0m [0m [0m [0m [0m [0m [0m [0m [38;2;0;0;0;48;2;0;0;0m▀[38;2;0;0;0;48;2;0;0;0m▀[38;2;0;99;148;48;2;0;99;148m▀[38;2;0;99;148;48;2;0;99;148m▀[38;2;0;99;148;48;2;0;99;148m▀[38;2;0;99;148;48;2;0;99;148m▀[38;2;0;0;0;48;2;0;0;0m▀[38;2;0;0;0;48;2;0;0;0m▀[38;2;0;0;0;48;2;0;0;0m▀[38;2;0;0;0;48;2;0;0;0m▀[38;2;0;99;148;48;2;0;99;148m▀[38;2;0;99;148;48;2;0;99;148m▀[38;2;0;132;189;48;2;0;132;189m▀[38;2;0;132;189;48;2;0;132;189m▀[38;2;0;99;148;48;2;0;99;148m▀[38;2;0;99;148;48;2;0;99;148m▀[38;2;0;0;0;48;2;0;0;0m▀[38;2;0;0;0;48;2;0;0;0m▀[0m [0m [0m [0m [0m [0m [0m
[0m [0m [0m [0m [0m [0m [0m [0m [0m [0m [38;2;0;0;0;48;2;0;0;0m▀[38;2;0;0;0;48;2;0;0;0m▀[38;2;0;0;0;48;2;0;0;0m▀[38;2;0;0;0;48;2;0;0;0m▀[38;2;0;0;0;48;2;0;0;0m▀[38;2;0;0;0;48;2;0;0;0m▀[38;2;255;206;206;48;2;255;206;206m▀[38;2;255;206;206;48;2;255;206;206m▀[38;2;0;0;0;48;2;0;0;0m▀[38;2;0;0;0;48;2;0;0;0m▀[38;2;0;0;0;48;2;0;0;0m▀[38;2;0;0;0;48;2;0;0;0m▀[38;2;0;0;0;48;2;0;0;0m▀[38;2;0;0;0;48;2;0;0;0m▀[0m [0m [0m [0m [0m [0m [0m [0m [0m
[0m [0m [0m [0m [0m [0m [0m [0m [0m [0m [0m [0m [38;2;0;0;0;48;2;0;0;0m▀[38;2;0;0;0;48;2;0;0;0m▀[38;2;255;206;206;48;2;255;206;206m▀[38;2;255;206;206;48;2;255;206;206m▀[38;2;255;222;222;48;2;255;222;222m▀[38;2;255;222;222;48;2;255;222;222m▀[38;2;255;206;206;48;2;255;206;206m▀[38;2;255;206;206;48;2;255;206;206m▀[38;2;0;0;0;48;2;0;0;0m▀[38;2;0;0;0;48;2;0;0;0m▀[0m [0m [0m [0m [0m [0m [0m [0m [0m [0m [0m
[0m [0m [0m [0m [0m [0m [0m [0m [0m [0m [38;2;0;0;0;48;2;0;0;0m▀[38;2;0;0;0;48;2;0;0;0m▀[38;2;255;222;222;48;2;255;222;222m▀[38;2;255;222;222;48;2;255;222;222m▀[38;2;255;255;255;48;2;255;255;255m▀[38;2;255;255;255;48;2;255;255;255m▀[38;2;255;222;222;48;2;255;222;222m▀[38;2;255;222;222;48;2;255;222;222m▀[38;2;255;255;255;48;2;255;255;255m▀[38;2;255;255;255;48;2;255;255;255m▀[38;2;255;206;206;48;2;255;206;206m▀[38;2;255;206;206;48;2;255;206;206m▀[38;2;0;0;0;48;2;0;0;0m▀[38;2;0;0;0;48;2;0;0;0m▀[0m [0m [0m [0m [0m [0m [0m [0m [0m
[0m [0m [0m [0m [0m [0m [0m [0m [38;2;0;0;0;48;2;0;0;0m▀[38;2;0;0;0;48;2;0;0;0m▀[38;2;255;206;206;48;2;255;206;206m▀[38;2;255;206;206;48;2;255;206;206m▀[38;2;255;222;222;48;2;255;222;222m▀[38;2;255;222;222;48;2;255;222;222m▀[38;2;49;214;41;48;2;49;214;41m▀[38;2;49;214;41;48;2;49;214;41m▀[38;2;255;222;222;48;2;255;222;222m▀[38;2;255;222;222;48;2;255;222;222m▀[38;2;49;214;41;48;2;49;214;41m▀[38;2;49;214;41;48;2;49;214;41m▀[38;2;255;222;222;48;2;255;222;222m▀[38;2;255;222;222;48;2;255;222;222m▀[38;2;255;206;206;48;2;255;206;206m▀[38;2;255;206;206;48;2;255;206;206m▀[38;2;0;0;0;48;2;0;0;0m▀[38;2;0;0;0;48;2;0;0;0m▀[0m [0m [0m [0m [0m [0m [0m
[0m [0m [0m [0m [0m [0m [0m [0m [38;2;0;0;0;48;2;0;0;0m▀[38;2;0;0;0;48;2;0;0;0m▀[38;2;255;206;206;48;2;255;206;206m▀[38;2;255;206;206;48;2;255;206;206m▀[38;2;255;222;222;48;2;255;222;222m▀[38;2;255;222;222;48;2;255;222;222m▀[38;2;255;222;222;48;2;255;222;222m▀[38;2;255;222;222;48;2;255;222;222m▀[38;2;255;222;222;48;2;255;222;222m▀[38;2;255;222;222;48;2;255;222;222m▀[38;2;255;222;222;48;2;255;222;222m▀[38;2;255;222;222;48;2;255;222;222m▀[38;2;255;222;222;48;2;255;222;222m▀[38;2;255;222;222;48;2;255;222;222m▀[38;2;255;206;206;48;2;255;206;206m▀[38;2;255;206;206;48;2;255;206;206m▀[38;2;0;0;0;48;2;0;0;0m▀[38;2;0;0;0;48;2;0;0;0m▀[0m [0m [0m [0m [0m [0m [0m
[0m [0m [0m [0m [0m [0m [0m [0m [38;2;0;0;0;48;2;0;0;0m▀[38;2;0;0;0;48;2;0;0;0m▀[38;2;255;206;206;48;2;255;206;206m▀[38;2;255;206;206;48;2;255;206;206m▀[38;2;255;206;206;48;2;255;206;206m▀[38;2;255;206;206;48;2;255;206;206m▀[38;2;255;206;206;48;2;255;206;206m▀[38;2;255;206;206;48;2;255;206;206m▀[38;2;0;0;0;48;2;0;0;0m▀[38;2;0;0;0;48;2;0;0;0m▀[38;2;255;206;206;48;2;255;206;206m▀[38;2;255;206;206;48;2;255;206;206m▀[38;2;255;206;206;48;2;255;206;206m▀[38;2;255;206;206;48;2;255;206;206m▀[38;2;255;206;206;48;2;255;206;206m▀[38;2;255;206;206;48;2;255;206;206m▀[38;2;0;0;0;48;2;0;0;0m▀[38;2;0;0;0;48;2;0;0;0m▀[0m [0m [0m [0m [0m [0m [0m
[0m [0m [0m [0m [0m [0m [0m [0m [0m [0m [38;2;0;0;0;48;2;0;0;0m▀[38;2;0;0;0;48;2;0;0;0m▀[38;2;0;0;0;48;2;0;0;0m▀[38;2;0;0;0;48;2;0;0;0m▀[38;2;0;0;0;48;2;0;0;0m▀[38;2;0;0;0;48;2;0;0;0m▀[38;2;0;0;0;48;2;0;0;0m▀[38;2;0;0;0;48;2;0;0;0m▀[38;2;0;0;0;48;2;0;0;0m▀[38;2;0;0;0;48;2;0;0;0m▀[38;2;0;0;0;48;2;0;0;0m▀[38;2;0;0;0;48;2;0;0;0m▀[38;2;0;0;0;48;2;0;0;0m▀[38;2;0;0;0;48;2;0;0;0m▀[0m [0m [0m [0m [0m [0m [0m [0m [0m
