[0m [0m [0m [0m [0m [0m [0m [0m [0m [0m [0m [0m [0m [0m [0m [0m [0m [0m [0m [0m [0m [0m [0m [0m [0m [0m [0m [0m [0m [0m [0m [0m [0m
[0m [0m [0m [0m [0m [0m [0m [0m [0m [0m [0m [0m [0m [0m [0m [0m [0m [0m [0m [0m [0m [0m [0m [0m [0m [0m [0m [0m [0m [0m [0m [0m [0m
[0m [0m [0m [0m [0m [0m [0m [0m [0m [0m [0m [0m [0m [0m [0m [0m [0m [0m [0m [0m [0m [0m [0m [0m [0m [0m [0m [0m [0m [0m [0m [0m [0m
[0m [0m [0m [0m [0m [0m [0m [0m [0m [0m [0m [0m [0m [0m [38;2;0;0;0;48;2;0;0;0m▀[38;2;0;0;0;48;2;0;0;0m▀[38;2;0;0;0;48;2;0;0;0m▀[38;2;0;0;0;48;2;0;0;0m▀[0m [0m [0m [0m [0m [0m [0m [0m [0m [0m [0m [0m [0m [0m [0m
[0m [0m [0m [0m [0m [0m [0m [0m [0m [0m [0m [0m [38;2;0;0;0;48;2;0;0;0m▀[38;2;0;0;0;48;2;0;0;0m▀[38;2;215;215;215;48;2;215;215;215m▀[38;2;215;215;215;48;2;215;215;215m▀[38;2;215;215;215;48;2;215;215;215m▀[38;2;215;215;215;48;2;215;215;215m▀[38;2;0;0;0;48;2;0;0;0m▀[38;2;0;0;0;48;2;0;0;0m▀[0m [0m [0m [0m [0m [0m [0m [0m [0m [0m [0m [0m [0m
[0m [0m [38;2;0;0;0;48;2;0;0;0m▀[38;2;0;0;0;48;2;0;0;0m▀[0m [0m [38;2;0;0;0;48;2;0;0;0m▀[38;2;0;0;0;48;2;0;0;0m▀[0m [0m [38;2;0;0;0;48;2;0;0;0m▀[38;2;0;0;0;48;2;0;0;0m▀[38;2;215;215;215;48;2;215;215;215m▀[38;2;215;215;215;48;2;215;215;215m▀[38;2;237;237;237;48;2;237;237;237m▀[38;2;237;237;237;48;2;237;237;237m▀[38;2;149;149;157;48;2;149;149;157m▀[38;2;149;149;157;48;2;149;149;157m▀[38;2;149;149;157;48;2;149;149;157m▀[38;2;149;149;157;48;2;149;149;157m▀[38;2;0;0;0;48;2;0;0;0m▀[38;2;0;0;0;48;2;0;0;0m▀[38;2;0;0;0;48;2;0;0;0m▀[38;2;0;0;0;48;2;0;0;0m▀[38;2;0;0;0;48;2;0;0;0m▀[38;2;0;0;0;48;2;0;0;0m▀[0m [0m [38;2;0;0;0;48;2;0;0;0m▀[38;2;0;0;0;48;2;0;0;0m▀[0m [0m [0m
[0m [0m [38;2;0;0;0;48;2;0;0;0m▀[38;2;0;0;0;48;2;0;0;0m▀[38;2;0;0;0;48;2;0;0;0m▀[38;2;0;0;0;48;2;0;0;0m▀[38;2;0;0;0;48;2;0;0;0m▀[38;2;0;0;0;48;2;0;0;0m▀[38;2;0;0;0;48;2;0;0;0m▀[38;2;0;0;0;48;2;0;0;0m▀[38;2;215;215;215;48;2;215;215;215m▀[38;2;215;215;215;48;2;215;215;215m▀[38;2;237;237;237;48;2;237;237;237m▀[38;2;237;237;237;48;2;237;237;237m▀[38;2;149;149;157;48;2;149;149;157m▀[38;2;149;149;157;48;2;149;149;157m▀[38;2;0;0;0;48;2;0;0;0m▀[38;2;0;0;0;48;2;0;0;0m▀[38;2;0;0;0;48;2;0;0;0m▀[38;2;0;0;0;48;2;0;0;0m▀[38;2;17;90;141;48;2;17;90;141m▀[38;2;17;90;141;48;2;17;90;141m▀[38;2;0;0;0;48;2;0;0;0m▀[38;2;0;0;0;48;2;0;0;0m▀[0m [0m [38;2;0;0;0;48;2;0;0;0m▀[38;2;0;0;0;48;2;0;0;0m▀[38;2;0;0;0;48;2;0;0;0m▀[38;2;0;0;0;48;2;0;0;0m▀[0m [0m [0m
[0m [0m [38;2;0;0;0;48;2;0;0;0m▀[38;2;0;0;0;48;2;0;0;0m▀[38;2;215;215;215;48;2;215;215;215m▀[38;2;215;215;215;48;2;215;215;215m▀[38;2;0;0;0;48;2;0;0;0m▀[38;2;0;0;0;48;2;0;0;0m▀[38;2;17;90;141;48;2;17;90;141m▀[38;2;17;90;141;48;2;17;90;141m▀[38;2;0;0;0;48;2;0;0;0m▀[38;2;0;0;0;48;2;0;0;0m▀[38;2;149;149;157;48;2;149;149;157m▀[38;2;149;149;157;48;2;149;149;157m▀[38;2;0;0;0;48;2;0;0;0m▀[38;2;0;0;0;48;2;0;0;0m▀[38;2;0;0;0;48;2;0;0;0m▀[38;2;0;0;0;48;2;0;0;0m▀[38;2;17;90;141;48;2;17;90;141m▀[38;2;17;90;141;48;2;17;90;141m▀[38;2;0;0;0;48;2;0;0;0m▀[38;2;0;0;0;48;2;0;0;0m▀[38;2;0;0;0;48;2;0;0;0m▀[38;2;0;0;0;48;2;0;0;0m▀[38;2;0;0;0;48;2;0;0;0m▀[38;2;0;0;0;48;2;0;0;0m▀[38;2;215;215;215;48;2;215;215;215m▀[38;2;215;215;215;48;2;215;215;215m▀[38;2;0;0;0;48;2;0;0;0m▀[38;2;0;0;0;48;2;0;0;0m▀[0m [0m [0m
[0m [0m [38;2;0;0;0;48;2;0;0;0m▀[38;2;0;0;0;48;2;0;0;0m▀[38;2;237;237;237;48;2;237;237;237m▀[38;2;237;237;237;48;2;237;237;237m▀[38;2;0;0;0;48;2;0;0;0m▀[38;2;0;0;0;48;2;0;0;0m▀[38;2;0;0;0;48;2;0;0;0m▀[38;2;0;0;0;48;2;0;0;0m▀[38;2;17;90;141;48;2;17;90;141m▀[38;2;17;90;141;48;2;17;90;141m▀[38;2;0;0;0;48;2;0;0;0m▀[38;2;0;0;0;48;2;0;0;0m▀[38;2;0;0;0;48;2;0;0;0m▀[38;2;0;0;0;48;2;0;0;0m▀[38;2;0;0;0;48;2;0;0;0m▀[38;2;0;0;0;48;2;0;0;0m▀[38;2;0;0;0;48;2;0;0;0m▀[38;2;0;0;0;48;2;0;0;0m▀[38;2;149;149;157;48;2;149;149;157m▀[38;2;149;149;157;48;2;149;149;157m▀[38;2;0;0;0;48;2;0;0;0m▀[38;2;0;0;0;48;2;0;0;0m▀[38;2;215;215;215;48;2;215;215;215m▀[38;2;215;215;215;48;2;215;215;215m▀[38;2;237;237;237;48;2;237;237;237m▀[38;2;237;237;237;48;2;237;237;237m▀[38;2;0;0;0;48;2;0;0;0m▀[38;2;0;0;0;48;2;0;0;0m▀[0m [0m [0m
[0m [0m [38;2;0;0;0;48;2;0;0;0m▀[38;2;0;0;0;48;2;0;0;0m▀[38;2;149;149;157;48;2;149;149;157m▀[38;2;149;149;157;48;2;149;149;157m▀[38;2;0;0;0;48;2;0;0;0m▀[38;2;0;0;0;48;2;0;0;0m▀[38;2;215;215;215;48;2;215;215;215m▀[38;2;215;215;215;48;2;215;215;215m▀[38;2;0;0;0;48;2;0;0;0m▀[38;2;0;0;0;48;2;0;0;0m▀[38;2;149;149;157;48;2;149;149;157m▀[38;2;149;149;157;48;2;149;149;157m▀[38;2;0;0;0;48;2;0;0;0m▀[38;2;0;0;0;48;2;0;0;0m▀[38;2;0;0;0;48;2;0;0;0m▀[38;2;0;0;0;48;2;0;0;0m▀[38;2;215;215;215;48;2;215;215;215m▀[38;2;215;215;215;48;2;215;215;215m▀[38;2;149;149;157;48;2;149;149;157m▀[38;2;149;149;157;48;2;149;149;157m▀[38;2;0;0;0;48;2;0;0;0m▀[38;2;0;0;0;48;2;0;0;0m▀[38;2;237;237;237;48;2;237;237;237m▀[38;2;237;237;237;48;2;237;237;237m▀[38;2;149;149;157;48;2;149;149;157m▀[38;2;149;149;157;48;2;149;149;157m▀[38;2;0;0;0;48;2;0;0;0m▀[38;2;0;0;0;48;2;0;0;0m▀[0m [0m [0m
[0m [0m [0m [0m [38;2;0;0;0;48;2;0;0;0m▀[38;2;0;0;0;48;2;0;0;0m▀[38;2;215;215;215;48;2;215;215;215m▀[38;2;215;215;215;48;2;215;215;215m▀[38;2;215;215;215;48;2;215;215;215m▀[38;2;215;215;215;48;2;215;215;215m▀[38;2;215;215;215;48;2;215;215;215m▀[38;2;215;215;215;48;2;215;215;215m▀[38;2;0;0;0;48;2;0;0;0m▀[38;2;0;0;0;48;2;0;0;0m▀[38;2;215;215;215;48;2;215;215;215m▀[38;2;215;215;215;48;2;215;215;215m▀[38;2;215;215;215;48;2;215;215;215m▀[38;2;215;215;215;48;2;215;215;215m▀[38;2;215;215;215;48;2;215;215;215m▀[38;2;215;215;215;48;2;215;215;215m▀[38;2;215;215;215;48;2;215;215;215m▀[38;2;215;215;215;48;2;215;215;215m▀[38;2;0;0;0;48;2;0;0;0m▀[38;2;0;0;0;48;2;0;0;0m▀[38;2;149;149;157;48;2;149;149;157m▀[38;2;149;149;157;48;2;149;149;157m▀[38;2;0;0;0;48;2;0;0;0m▀[38;2;0;0;0;48;2;0;0;0m▀[0m [0m [0m [0m [0m
[0m [0m [0m [0m [38;2;0;0;0;48;2;0;0;0m▀[38;2;0;0;0;48;2;0;0;0m▀[38;2;149;149;157;48;2;149;149;157m▀[38;2;149;149;157;48;2;149;149;157m▀[38;2;215;215;215;48;2;215;215;215m▀[38;2;215;215;215;48;2;215;215;215m▀[38;2;0;0;0;48;2;0;0;0m▀[38;2;0;0;0;48;2;0;0;0m▀[38;2;149;149;157;48;2;149;149;157m▀[38;2;149;149;157;48;2;149;149;157m▀[38;2;0;0;0;48;2;0;0;0m▀[38;2;0;0;0;48;2;0;0;0m▀[38;2;215;215;215;48;2;215;215;215m▀[38;2;215;215;215;48;2;215;215;215m▀[38;2;149;149;157;48;2;149;149;157m▀[38;2;149;149;157;48;2;149;149;157m▀[38;2;149;149;157;48;2;149;149;157m▀[38;2;149;149;157;48;2;149;149;157m▀[38;2;149;149;157;48;2;149;149;157m▀[38;2;149;149;157;48;2;149;149;157m▀[38;2;0;0;0;48;2;0;0;0m▀[38;2;0;0;0;48;2;0;0;0m▀[38;2;0;0;0;48;2;0;0;0m▀[38;2;0;0;0;48;2;0;0;0m▀[0m [0m [0m [0m [0m
[0m [0m [0m [0m [38;2;0;0;0;48;2;0;0;0m▀[38;2;0;0;0;48;2;0;0;0m▀[38;2;149;149;157;48;2;149;149;157m▀[38;2;149;149;157;48;2;149;149;157m▀[38;2;0;0;0;48;2;0;0;0m▀[38;2;0;0;0;48;2;0;0;0m▀[38;2;149;149;157;48;2;149;149;157m▀[38;2;149;149;157;48;2;149;149;157m▀[38;2;215;215;215;48;2;215;215;215m▀[38;2;215;215;215;48;2;215;215;215m▀[38;2;215;215;215;48;2;215;215;215m▀[38;2;215;215;215;48;2;215;215;215m▀[38;2;0;0;0;48;2;0;0;0m▀[38;2;0;0;0;48;2;0;0;0m▀[38;2;215;215;215;48;2;215;215;215m▀[38;2;215;215;215;48;2;215;215;215m▀[38;2;149;149;157;48;2;149;149;157m▀[38;2;149;149;157;48;2;149;149;157m▀[38;2;149;149;157;48;2;149;149;157m▀[38;2;149;149;157;48;2;149;149;157m▀[38;2;149;149;157;48;2;149;149;157m▀[38;2;149;149;157;48;2;149;149;157m▀[38;2;0;0;0;48;2;0;0;0m▀[38;2;0;0;0;48;2;0;0;0m▀[0m [0m [0m [0m [0m
[0m [0m [0m [0m [0m [0m [38;2;0;0;0;48;2;0;0;0m▀[38;2;0;0;0;48;2;0;0;0m▀[38;2;0;0;0;48;2;0;0;0m▀[38;2;0;0;0;48;2;0;0;0m▀[38;2;0;0;0;48;2;0;0;0m▀[38;2;0;0;0;48;2;0;0;0m▀[38;2;0;0;0;48;2;0;0;0m▀[38;2;0;0;0;48;2;0;0;0m▀[38;2;0;0;0;48;2;0;0;0m▀[38;2;0;0;0;48;2;0;0;0m▀[38;2;0;0;0;48;2;0;0;0m▀[38;2;0;0;0;48;2;0;0;0m▀[38;2;0;0;0;48;2;0;0;0m▀[38;2;0;0;0;48;2;0;0;0m▀[38;2;0;0;0;48;2;0;0;0m▀[38;2;0;0;0;48;2;0;0;0m▀[38;2;0;0;0;48;2;0;0;0m▀[38;2;0;0;0;48;2;0;0;0m▀[38;2;0;0;0;48;2;0;0;0m▀[38;2;0;0;0;48;2;0;0;0m▀[0m [0m [0m [0m [0m [0m [0m
[0m [0m [0m [0m [38;2;0;0;0;48;2;0;0;0m▀[38;2;0;0;0;48;2;0;0;0m▀[38;2;237;237;237;48;2;237;237;237m▀[38;2;237;237;237;48;2;237;237;237m▀[38;2;215;215;215;48;2;215;215;215m▀[38;2;215;215;215;48;2;215;215;215m▀[38;2;149;149;157;48;2;149;149;157m▀[38;2;149;149;157;48;2;149;149;157m▀[38;2;0;0;0;48;2;0;0;0m▀[38;2;0;0;0;48;2;0;0;0m▀[0m [0m [0m [0m [38;2;0;0;0;48;2;0;0;0m▀[38;2;0;0;0;48;2;0;0;0m▀[38;2;237;237;237;48;2;237;237;237m▀[38;2;237;237;237;48;2;237;237;237m▀[38;2;215;215;215;48;2;215;215;215m▀[38;2;215;215;215;48;2;215;215;215m▀[38;2;149;149;157;48;2;149;149;157m▀[38;2;149;149;157;48;2;149;149;157m▀[38;2;0;0;0;48;2;0;0;0m▀[38;2;0;0;0;48;2;0;0;0m▀[0m [0m [0m [0m [0m
[0m [0m [0m [0m [38;2;0;0;0;48;2;0;0;0m▀[38;2;0;0;0;48;2;0;0;0m▀[38;2;0;0;0;48;2;0;0;0m▀[38;2;0;0;0;48;2;0;0;0m▀[38;2;0;0;0;48;2;0;0;0m▀[38;2;0;0;0;48;2;0;0;0m▀[38;2;0;0;0;48;2;0;0;0m▀[38;2;0;0;0;48;2;0;0;0m▀[0m [0m [0m [0m [0m [0m [0m [0m [38;2;0;0;0;48;2;0;0;0m▀[38;2;0;0;0;48;2;0;0;0m▀[38;2;0;0;0;48;2;0;0;0m▀[38;2;0;0;0;48;2;0;0;0m▀[38;2;0;0;0;48;2;0;0;0m▀[38;2;0;0;0;48;2;0;0;0m▀[38;2;0;0;0;48;2;0;0;0m▀[38;2;0;0;0;48;2;0;0;0m▀[0m [0m [0m [0m [0m
