[0m [0m [0m [0m [0m [0m [0m [0m [0m [0m [0m [0m [0m [0m [0m [0m [0m [0m [0m [0m [0m [0m [0m [0m [0m [0m [0m [0m [0m [0m [0m [0m [0m
[0m [0m [0m [0m [0m [0m [0m [0m [0m [0m [0m [0m [0m [0m [0m [0m [0m [0m [0m [0m [0m [0m [0m [0m [0m [0m [0m [0m [0m [0m [0m [0m [0m
[0m [0m [0m [0m [0m [0m [0m [0m [0m [0m [0m [0m [0m [0m [0m [0m [0m [0m [0m [0m [0m [0m [0m [0m [0m [0m [0m [0m [0m [0m [0m [0m [0m
[0m [0m [0m [0m [0m [0m [0m [0m [0m [0m [0m [0m [0m [0m [0m [0m [0m [0m [0m [0m [0m [0m [0m [0m [0m [0m [0m [0m [0m [0m [0m [0m [0m
[0m [0m [0m [0m [0m [0m [0m [0m [0m [0m [0m [0m [0m [0m [0m [0m [38;2;0;0;0;48;2;0;0;0m▀[38;2;0;0;0;48;2;0;0;0m▀[38;2;0;0;0;48;2;0;0;0m▀[38;2;0;0;0;48;2;0;0;0m▀[38;2;0;0;0;48;2;0;0;0m▀[38;2;0;0;0;48;2;0;0;0m▀[0m [0m [38;2;0;0;0;48;2;0;0;0m▀[38;2;0;0;0;48;2;0;0;0m▀[38;2;0;0;0;48;2;0;0;0m▀[38;2;0;0;0;48;2;0;0;0m▀[38;2;0;0;0;48;2;0;0;0m▀[38;2;0;0;0;48;2;0;0;0m▀[0m [0m [0m
[0m [0m [0m [0m [0m [0m [0m [0m [0m [0m [0m [0m [0m [0m [38;2;0;0;0;48;2;0;0;0m▀[38;2;0;0;0;48;2;0;0;0m▀[38;2;255;255;255;48;2;255;255;255m▀[38;2;255;255;255;48;2;255;255;255m▀[38;2;255;255;255;48;2;255;255;255m▀[38;2;255;255;255;48;2;255;255;255m▀[38;2;214;247;255;48;2;214;247;255m▀[38;2;214;247;255;48;2;214;247;255m▀[38;2;0;0;0;48;2;0;0;0m▀[38;2;0;0;0;48;2;0;0;0m▀[38;2;255;255;255;48;2;255;255;255m▀[38;2;255;255;255;48;2;255;255;255m▀[38;2;214;247;255;48;2;214;247;255m▀[38;2;214;247;255;48;2;214;247;255m▀[38;2;173;222;255;48;2;173;222;255m▀[38;2;173;222;255;48;2;173;222;255m▀[38;2;0;0;0;48;2;0;0;0m▀[38;2;0;0;0;48;2;0;0;0m▀[0m
[0m [0m [0m [0m [0m [0m [38;2;0;0;0;48;2;0;0;0m▀[38;2;0;0;0;48;2;0;0;0m▀[38;2;0;0;0;48;2;0;0;0m▀[38;2;0;0;0;48;2;0;0;0m▀[38;2;0;0;0;48;2;0;0;0m▀[38;2;0;0;0;48;2;0;0;0m▀[38;2;0;0;0;48;2;0;0;0m▀[38;2;0;0;0;48;2;0;0;0m▀[38;2;0;0;0;48;2;0;0;0m▀[38;2;0;0;0;48;2;0;0;0m▀[38;2;0;0;0;48;2;0;0;0m▀[38;2;0;0;0;48;2;0;0;0m▀[38;2;255;255;255;48;2;255;255;255m▀[38;2;255;255;255;48;2;255;255;255m▀[38;2;255;255;255;48;2;255;255;255m▀[38;2;255;255;255;48;2;255;255;255m▀[38;2;214;247;255;48;2;214;247;255m▀[38;2;214;247;255;48;2;214;247;255m▀[38;2;214;247;255;48;2;214;247;255m▀[38;2;214;247;255;48;2;214;247;255m▀[38;2;173;222;255;48;2;173;222;255m▀[38;2;173;222;255;48;2;173;222;255m▀[38;2;0;0;0;48;2;0;0;0m▀[38;2;0;0;0;48;2;0;0;0m▀[0m [0m [0m
[0m [0m [0m [0m [38;2;0;0;0;48;2;0;0;0m▀[38;2;0;0;0;48;2;0;0;0m▀[38;2;255;255;255;48;2;255;255;255m▀[38;2;255;255;255;48;2;255;255;255m▀[38;2;181;74;255;48;2;181;74;255m▀[38;2;181;74;255;48;2;181;74;255m▀[38;2;181;74;255;48;2;181;74;255m▀[38;2;181;74;255;48;2;181;74;255m▀[38;2;181;74;255;48;2;181;74;255m▀[38;2;181;74;255;48;2;181;74;255m▀[38;2;255;255;255;48;2;255;255;255m▀[38;2;255;255;255;48;2;255;255;255m▀[38;2;255;255;255;48;2;255;255;255m▀[38;2;255;255;255;48;2;255;255;255m▀[38;2;0;0;0;48;2;0;0;0m▀[38;2;0;0;0;48;2;0;0;0m▀[38;2;255;255;255;48;2;255;255;255m▀[38;2;255;255;255;48;2;255;255;255m▀[38;2;255;255;255;48;2;255;255;255m▀[38;2;255;255;255;48;2;255;255;255m▀[38;2;214;247;255;48;2;214;247;255m▀[38;2;214;247;255;48;2;214;247;255m▀[38;2;0;0;0;48;2;0;0;0m▀[38;2;0;0;0;48;2;0;0;0m▀[0m [0m [0m [0m [0m
[0m [0m [38;2;0;0;0;48;2;0;0;0m▀[38;2;0;0;0;48;2;0;0;0m▀[38;2;255;255;255;48;2;255;255;255m▀[38;2;255;255;255;48;2;255;255;255m▀[38;2;255;255;255;48;2;255;255;255m▀[38;2;255;255;255;48;2;255;255;255m▀[38;2;255;255;255;48;2;255;255;255m▀[38;2;255;255;255;48;2;255;255;255m▀[38;2;181;74;255;48;2;181;74;255m▀[38;2;181;74;255;48;2;181;74;255m▀[38;2;255;255;255;48;2;255;255;255m▀[38;2;255;255;255;48;2;255;255;255m▀[38;2;255;255;255;48;2;255;255;255m▀[38;2;255;255;255;48;2;255;255;255m▀[38;2;255;255;255;48;2;255;255;255m▀[38;2;255;255;255;48;2;255;255;255m▀[38;2;214;247;255;48;2;214;247;255m▀[38;2;214;247;255;48;2;214;247;255m▀[38;2;0;0;0;48;2;0;0;0m▀[38;2;0;0;0;48;2;0;0;0m▀[38;2;181;74;255;48;2;181;74;255m▀[38;2;181;74;255;48;2;181;74;255m▀[38;2;214;247;255;48;2;214;247;255m▀[38;2;214;247;255;48;2;214;247;255m▀[38;2;0;0;0;48;2;0;0;0m▀[38;2;0;0;0;48;2;0;0;0m▀[0m [0m [0m [0m [0m
[0m [0m [38;2;0;0;0;48;2;0;0;0m▀[38;2;0;0;0;48;2;0;0;0m▀[38;2;255;255;255;48;2;255;255;255m▀[38;2;255;255;255;48;2;255;255;255m▀[38;2;0;0;0;48;2;0;0;0m▀[38;2;0;0;0;48;2;0;0;0m▀[38;2;255;255;255;48;2;255;255;255m▀[38;2;255;255;255;48;2;255;255;255m▀[38;2;255;255;255;48;2;255;255;255m▀[38;2;255;255;255;48;2;255;255;255m▀[38;2;255;255;255;48;2;255;255;255m▀[38;2;255;255;255;48;2;255;255;255m▀[38;2;0;0;0;48;2;0;0;0m▀[38;2;0;0;0;48;2;0;0;0m▀[38;2;255;255;255;48;2;255;255;255m▀[38;2;255;255;255;48;2;255;255;255m▀[38;2;214;247;255;48;2;214;247;255m▀[38;2;214;247;255;48;2;214;247;255m▀[38;2;0;0;0;48;2;0;0;0m▀[38;2;0;0;0;48;2;0;0;0m▀[38;2;255;255;255;48;2;255;255;255m▀[38;2;255;255;255;48;2;255;255;255m▀[38;2;181;74;255;48;2;181;74;255m▀[38;2;181;74;255;48;2;181;74;255m▀[38;2;173;222;255;48;2;173;222;255m▀[38;2;173;222;255;48;2;173;222;255m▀[38;2;0;0;0;48;2;0;0;0m▀[38;2;0;0;0;48;2;0;0;0m▀[0m [0m [0m
[0m [0m [38;2;0;0;0;48;2;0;0;0m▀[38;2;0;0;0;48;2;0;0;0m▀[38;2;255;255;255;48;2;255;255;255m▀[38;2;255;255;255;48;2;255;255;255m▀[38;2;0;0;0;48;2;0;0;0m▀[38;2;0;0;0;48;2;0;0;0m▀[38;2;255;255;255;48;2;255;255;255m▀[38;2;255;255;255;48;2;255;255;255m▀[38;2;255;255;255;48;2;255;255;255m▀[38;2;255;255;255;48;2;255;255;255m▀[38;2;255;255;255;48;2;255;255;255m▀[38;2;255;255;255;48;2;255;255;255m▀[38;2;0;0;0;48;2;0;0;0m▀[38;2;0;0;0;48;2;0;0;0m▀[38;2;214;247;255;48;2;214;247;255m▀[38;2;214;247;255;48;2;214;247;255m▀[38;2;214;247;255;48;2;214;247;255m▀[38;2;214;247;255;48;2;214;247;255m▀[38;2;0;0;0;48;2;0;0;0m▀[38;2;0;0;0;48;2;0;0;0m▀[38;2;181;74;255;48;2;181;74;255m▀[38;2;181;74;255;48;2;181;74;255m▀[38;2;255;255;255;48;2;255;255;255m▀[38;2;255;255;255;48;2;255;255;255m▀[38;2;214;247;255;48;2;214;247;255m▀[38;2;214;247;255;48;2;214;247;255m▀[38;2;173;222;255;48;2;173;222;255m▀[38;2;173;222;255;48;2;173;222;255m▀[38;2;0;0;0;48;2;0;0;0m▀[38;2;0;0;0;48;2;0;0;0m▀[0m
[38;2;0;0;0;48;2;0;0;0m▀[38;2;0;0;0;48;2;0;0;0m▀[38;2;255;255;255;48;2;255;255;255m▀[38;2;255;255;255;48;2;255;255;255m▀[38;2;181;74;255;48;2;181;74;255m▀[38;2;181;74;255;48;2;181;74;255m▀[38;2;181;74;255;48;2;181;74;255m▀[38;2;181;74;255;48;2;181;74;255m▀[38;2;255;255;255;48;2;255;255;255m▀[38;2;255;255;255;48;2;255;255;255m▀[38;2;255;255;255;48;2;255;255;255m▀[38;2;255;255;255;48;2;255;255;255m▀[38;2;255;255;255;48;2;255;255;255m▀[38;2;255;255;255;48;2;255;255;255m▀[38;2;181;74;255;48;2;181;74;255m▀[38;2;181;74;255;48;2;181;74;255m▀[38;2;181;74;255;48;2;181;74;255m▀[38;2;181;74;255;48;2;181;74;255m▀[38;2;173;222;255;48;2;173;222;255m▀[38;2;173;222;255;48;2;173;222;255m▀[38;2;0;0;0;48;2;0;0;0m▀[38;2;0;0;0;48;2;0;0;0m▀[38;2;255;255;255;48;2;255;255;255m▀[38;2;255;255;255;48;2;255;255;255m▀[38;2;214;247;255;48;2;214;247;255m▀[38;2;214;247;255;48;2;214;247;255m▀[38;2;214;247;255;48;2;214;247;255m▀[38;2;214;247;255;48;2;214;247;255m▀[38;2;173;222;255;48;2;173;222;255m▀[38;2;173;222;255;48;2;173;222;255m▀[38;2;0;0;0;48;2;0;0;0m▀[38;2;0;0;0;48;2;0;0;0m▀[0m
[38;2;0;0;0;48;2;0;0;0m▀[38;2;0;0;0;48;2;0;0;0m▀[38;2;255;255;255;48;2;255;255;255m▀[38;2;255;255;255;48;2;255;255;255m▀[38;2;255;255;255;48;2;255;255;255m▀[38;2;255;255;255;48;2;255;255;255m▀[38;2;255;255;255;48;2;255;255;255m▀[38;2;255;255;255;48;2;255;255;255m▀[38;2;0;0;0;48;2;0;0;0m▀[38;2;0;0;0;48;2;0;0;0m▀[38;2;255;255;255;48;2;255;255;255m▀[38;2;255;255;255;48;2;255;255;255m▀[38;2;255;255;255;48;2;255;255;255m▀[38;2;255;255;255;48;2;255;255;255m▀[38;2;255;255;255;48;2;255;255;255m▀[38;2;255;255;255;48;2;255;255;255m▀[38;2;0;0;0;48;2;0;0;0m▀[38;2;0;0;0;48;2;0;0;0m▀[38;2;173;222;255;48;2;173;222;255m▀[38;2;173;222;255;48;2;173;222;255m▀[38;2;214;247;255;48;2;214;247;255m▀[38;2;214;247;255;48;2;214;247;255m▀[38;2;0;0;0;48;2;0;0;0m▀[38;2;0;0;0;48;2;0;0;0m▀[38;2;0;0;0;48;2;0;0;0m▀[38;2;0;0;0;48;2;0;0;0m▀[38;2;173;222;255;48;2;173;222;255m▀[38;2;173;222;255;48;2;173;222;255m▀[38;2;173;222;255;48;2;173;222;255m▀[38;2;173;222;255;48;2;173;222;255m▀[38;2;0;0;0;48;2;0;0;0m▀[38;2;0;0;0;48;2;0;0;0m▀[0m
[0m [0m [38;2;0;0;0;48;2;0;0;0m▀[38;2;0;0;0;48;2;0;0;0m▀[38;2;0;0;0;48;2;0;0;0m▀[38;2;0;0;0;48;2;0;0;0m▀[38;2;0;0;0;48;2;0;0;0m▀[38;2;0;0;0;48;2;0;0;0m▀[38;2;214;247;255;48;2;214;247;255m▀[38;2;214;247;255;48;2;214;247;255m▀[38;2;0;0;0;48;2;0;0;0m▀[38;2;0;0;0;48;2;0;0;0m▀[38;2;0;0;0;48;2;0;0;0m▀[38;2;0;0;0;48;2;0;0;0m▀[38;2;0;0;0;48;2;0;0;0m▀[38;2;0;0;0;48;2;0;0;0m▀[38;2;214;247;255;48;2;214;247;255m▀[38;2;214;247;255;48;2;214;247;255m▀[38;2;173;222;255;48;2;173;222;255m▀[38;2;173;222;255;48;2;173;222;255m▀[38;2;214;247;255;48;2;214;247;255m▀[38;2;214;247;255;48;2;214;247;255m▀[38;2;181;74;255;48;2;181;74;255m▀[38;2;181;74;255;48;2;181;74;255m▀[38;2;181;74;255;48;2;181;74;255m▀[38;2;181;74;255;48;2;181;74;255m▀[38;2;0;0;0;48;2;0;0;0m▀[38;2;0;0;0;48;2;0;0;0m▀[38;2;0;0;0;48;2;0;0;0m▀[38;2;0;0;0;48;2;0;0;0m▀[0m [0m [0m
[38;2;0;0;0;48;2;0;0;0m▀[38;2;0;0;0;48;2;0;0;0m▀[38;2;82;82;82;48;2;82;82;82m▀[38;2;82;82;82;48;2;82;82;82m▀[38;2;0;0;0;48;2;0;0;0m▀[38;2;0;0;0;48;2;0;0;0m▀[38;2;255;255;255;48;2;255;255;255m▀[38;2;255;255;255;48;2;255;255;255m▀[38;2;214;247;255;48;2;214;247;255m▀[38;2;214;247;255;48;2;214;247;255m▀[38;2;214;247;255;48;2;214;247;255m▀[38;2;214;247;255;48;2;214;247;255m▀[38;2;173;222;255;48;2;173;222;255m▀[38;2;173;222;255;48;2;173;222;255m▀[38;2;173;222;255;48;2;173;222;255m▀[38;2;173;222;255;48;2;173;222;255m▀[38;2;173;222;255;48;2;173;222;255m▀[38;2;173;222;255;48;2;173;222;255m▀[38;2;0;0;0;48;2;0;0;0m▀[38;2;0;0;0;48;2;0;0;0m▀[38;2;255;255;255;48;2;255;255;255m▀[38;2;255;255;255;48;2;255;255;255m▀[38;2;214;247;255;48;2;214;247;255m▀[38;2;214;247;255;48;2;214;247;255m▀[38;2;82;82;82;48;2;82;82;82m▀[38;2;82;82;82;48;2;82;82;82m▀[38;2;173;222;255;48;2;173;222;255m▀[38;2;173;222;255;48;2;173;222;255m▀[38;2;82;82;82;48;2;82;82;82m▀[38;2;82;82;82;48;2;82;82;82m▀[38;2;0;0;0;48;2;0;0;0m▀[38;2;0;0;0;48;2;0;0;0m▀[0m
[38;2;0;0;0;48;2;0;0;0m▀[38;2;0;0;0;48;2;0;0;0m▀[38;2;0;0;0;48;2;0;0;0m▀[38;2;0;0;0;48;2;0;0;0m▀[38;2;0;0;0;48;2;0;0;0m▀[38;2;0;0;0;48;2;0;0;0m▀[38;2;0;0;0;48;2;0;0;0m▀[38;2;0;0;0;48;2;0;0;0m▀[38;2;0;0;0;48;2;0;0;0m▀[38;2;0;0;0;48;2;0;0;0m▀[38;2;0;0;0;48;2;0;0;0m▀[38;2;0;0;0;48;2;0;0;0m▀[38;2;0;0;0;48;2;0;0;0m▀[38;2;0;0;0;48;2;0;0;0m▀[38;2;0;0;0;48;2;0;0;0m▀[38;2;0;0;0;48;2;0;0;0m▀[38;2;0;0;0;48;2;0;0;0m▀[38;2;0;0;0;48;2;0;0;0m▀[38;2;0;0;0;48;2;0;0;0m▀[38;2;0;0;0;48;2;0;0;0m▀[38;2;0;0;0;48;2;0;0;0m▀[38;2;0;0;0;48;2;0;0;0m▀[38;2;0;0;0;48;2;0;0;0m▀[38;2;0;0;0;48;2;0;0;0m▀[38;2;0;0;0;48;2;0;0;0m▀[38;2;0;0;0;48;2;0;0;0m▀[38;2;0;0;0;48;2;0;0;0m▀[38;2;0;0;0;48;2;0;0;0m▀[38;2;0;0;0;48;2;0;0;0m▀[38;2;0;0;0;48;2;0;0;0m▀[38;2;0;0;0;48;2;0;0;0m▀[38;2;0;0;0;48;2;0;0;0m▀[0m
