[0m [0m [0m [0m [0m [0m [0m [0m [0m [0m [0m [0m [0m [0m [0m [0m [0m [0m [0m [0m [0m [0m [0m [0m [0m [0m [0m [0m [0m [0m [0m [0m [0m
[0m [0m [0m [0m [0m [0m [0m [0m [0m [0m [0m [0m [0m [0m [0m [0m [0m [0m [0m [0m [0m [0m [0m [0m [0m [0m [0m [0m [0m [0m [0m [0m [0m
[0m [0m [0m [0m [0m [0m [0m [0m [0m [0m [38;2;0;0;0;48;2;0;0;0m▀[38;2;0;0;0;48;2;0;0;0m▀[38;2;0;0;0;48;2;0;0;0m▀[38;2;0;0;0;48;2;0;0;0m▀[38;2;0;0;0;48;2;0;0;0m▀[38;2;0;0;0;48;2;0;0;0m▀[38;2;0;0;0;48;2;0;0;0m▀[38;2;0;0;0;48;2;0;0;0m▀[38;2;0;0;0;48;2;0;0;0m▀[38;2;0;0;0;48;2;0;0;0m▀[0m [0m [0m [0m [0m [0m [0m [0m [0m [0m [0m [0m [0m
[0m [0m [0m [0m [0m [0m [0m [0m [38;2;0;0;0;48;2;0;0;0m▀[38;2;0;0;0;48;2;0;0;0m▀[38;2;251;244;195;48;2;251;244;195m▀[38;2;251;244;195;48;2;251;244;195m▀[38;2;251;244;195;48;2;251;244;195m▀[38;2;251;244;195;48;2;251;244;195m▀[38;2;213;194;92;48;2;213;194;92m▀[38;2;213;194;92;48;2;213;194;92m▀[38;2;213;194;92;48;2;213;194;92m▀[38;2;213;194;92;48;2;213;194;92m▀[38;2;251;244;195;48;2;251;244;195m▀[38;2;251;244;195;48;2;251;244;195m▀[38;2;0;0;0;48;2;0;0;0m▀[38;2;0;0;0;48;2;0;0;0m▀[0m [0m [0m [0m [0m [0m [0m [0m [0m [0m [0m
[0m [0m [0m [0m [0m [0m [38;2;0;0;0;48;2;0;0;0m▀[38;2;0;0;0;48;2;0;0;0m▀[38;2;251;244;195;48;2;251;244;195m▀[38;2;251;244;195;48;2;251;244;195m▀[38;2;103;84;54;48;2;103;84;54m▀[38;2;103;84;54;48;2;103;84;54m▀[38;2;103;84;54;48;2;103;84;54m▀[38;2;103;84;54;48;2;103;84;54m▀[38;2;103;84;54;48;2;103;84;54m▀[38;2;103;84;54;48;2;103;84;54m▀[38;2;103;84;54;48;2;103;84;54m▀[38;2;103;84;54;48;2;103;84;54m▀[38;2;103;84;54;48;2;103;84;54m▀[38;2;103;84;54;48;2;103;84;54m▀[38;2;213;194;92;48;2;213;194;92m▀[38;2;213;194;92;48;2;213;194;92m▀[38;2;0;0;0;48;2;0;0;0m▀[38;2;0;0;0;48;2;0;0;0m▀[0m [0m [0m [0m [0m [0m [0m [0m [0m
[0m [0m [0m [0m [38;2;0;0;0;48;2;0;0;0m▀[38;2;0;0;0;48;2;0;0;0m▀[38;2;251;244;195;48;2;251;244;195m▀[38;2;251;244;195;48;2;251;244;195m▀[38;2;103;84;54;48;2;103;84;54m▀[38;2;103;84;54;48;2;103;84;54m▀[38;2;176;159;69;48;2;176;159;69m▀[38;2;176;159;69;48;2;176;159;69m▀[38;2;176;159;69;48;2;176;159;69m▀[38;2;176;159;69;48;2;176;159;69m▀[38;2;251;244;195;48;2;251;244;195m▀[38;2;251;244;195;48;2;251;244;195m▀[38;2;213;194;92;48;2;213;194;92m▀[38;2;213;194;92;48;2;213;194;92m▀[38;2;213;194;92;48;2;213;194;92m▀[38;2;213;194;92;48;2;213;194;92m▀[38;2;103;84;54;48;2;103;84;54m▀[38;2;103;84;54;48;2;103;84;54m▀[38;2;213;194;92;48;2;213;194;92m▀[38;2;213;194;92;48;2;213;194;92m▀[38;2;0;0;0;48;2;0;0;0m▀[38;2;0;0;0;48;2;0;0;0m▀[0m [0m [0m [0m [0m [0m [0m
[0m [0m [0m [0m [38;2;0;0;0;48;2;0;0;0m▀[38;2;0;0;0;48;2;0;0;0m▀[38;2;176;159;69;48;2;176;159;69m▀[38;2;176;159;69;48;2;176;159;69m▀[38;2;0;0;0;48;2;0;0;0m▀[38;2;0;0;0;48;2;0;0;0m▀[38;2;0;0;0;48;2;0;0;0m▀[38;2;0;0;0;48;2;0;0;0m▀[38;2;251;244;195;48;2;251;244;195m▀[38;2;251;244;195;48;2;251;244;195m▀[38;2;0;0;0;48;2;0;0;0m▀[38;2;0;0;0;48;2;0;0;0m▀[38;2;176;159;69;48;2;176;159;69m▀[38;2;176;159;69;48;2;176;159;69m▀[38;2;0;0;0;48;2;0;0;0m▀[38;2;0;0;0;48;2;0;0;0m▀[38;2;0;0;0;48;2;0;0;0m▀[38;2;0;0;0;48;2;0;0;0m▀[38;2;145;123;60;48;2;145;123;60m▀[38;2;145;123;60;48;2;145;123;60m▀[38;2;0;0;0;48;2;0;0;0m▀[38;2;0;0;0;48;2;0;0;0m▀[0m [0m [0m [0m [0m [0m [0m
[0m [0m [0m [0m [38;2;0;0;0;48;2;0;0;0m▀[38;2;0;0;0;48;2;0;0;0m▀[38;2;0;0;0;48;2;0;0;0m▀[38;2;0;0;0;48;2;0;0;0m▀[38;2;54;57;63;48;2;54;57;63m▀[38;2;54;57;63;48;2;54;57;63m▀[38;2;69;77;90;48;2;69;77;90m▀[38;2;69;77;90;48;2;69;77;90m▀[38;2;0;0;0;48;2;0;0;0m▀[38;2;0;0;0;48;2;0;0;0m▀[0m [0m [38;2;0;0;0;48;2;0;0;0m▀[38;2;0;0;0;48;2;0;0;0m▀[38;2;69;77;90;48;2;69;77;90m▀[38;2;69;77;90;48;2;69;77;90m▀[38;2;54;57;63;48;2;54;57;63m▀[38;2;54;57;63;48;2;54;57;63m▀[38;2;0;0;0;48;2;0;0;0m▀[38;2;0;0;0;48;2;0;0;0m▀[38;2;0;0;0;48;2;0;0;0m▀[38;2;0;0;0;48;2;0;0;0m▀[0m [0m [0m [0m [0m [0m [0m
[0m [0m [0m [0m [38;2;0;0;0;48;2;0;0;0m▀[38;2;0;0;0;48;2;0;0;0m▀[38;2;176;159;69;48;2;176;159;69m▀[38;2;176;159;69;48;2;176;159;69m▀[38;2;0;0;0;48;2;0;0;0m▀[38;2;0;0;0;48;2;0;0;0m▀[38;2;0;0;0;48;2;0;0;0m▀[38;2;0;0;0;48;2;0;0;0m▀[38;2;176;159;69;48;2;176;159;69m▀[38;2;176;159;69;48;2;176;159;69m▀[38;2;0;0;0;48;2;0;0;0m▀[38;2;0;0;0;48;2;0;0;0m▀[38;2;145;123;60;48;2;145;123;60m▀[38;2;145;123;60;48;2;145;123;60m▀[38;2;0;0;0;48;2;0;0;0m▀[38;2;0;0;0;48;2;0;0;0m▀[38;2;0;0;0;48;2;0;0;0m▀[38;2;0;0;0;48;2;0;0;0m▀[38;2;145;123;60;48;2;145;123;60m▀[38;2;145;123;60;48;2;145;123;60m▀[38;2;0;0;0;48;2;0;0;0m▀[38;2;0;0;0;48;2;0;0;0m▀[0m [0m [0m [0m [0m [0m [0m
[0m [0m [0m [0m [38;2;0;0;0;48;2;0;0;0m▀[38;2;0;0;0;48;2;0;0;0m▀[38;2;251;244;195;48;2;251;244;195m▀[38;2;251;244;195;48;2;251;244;195m▀[38;2;103;84;54;48;2;103;84;54m▀[38;2;103;84;54;48;2;103;84;54m▀[38;2;213;194;92;48;2;213;194;92m▀[38;2;213;194;92;48;2;213;194;92m▀[38;2;213;194;92;48;2;213;194;92m▀[38;2;213;194;92;48;2;213;194;92m▀[38;2;176;159;69;48;2;176;159;69m▀[38;2;176;159;69;48;2;176;159;69m▀[38;2;213;194;92;48;2;213;194;92m▀[38;2;213;194;92;48;2;213;194;92m▀[38;2;176;159;69;48;2;176;159;69m▀[38;2;176;159;69;48;2;176;159;69m▀[38;2;103;84;54;48;2;103;84;54m▀[38;2;103;84;54;48;2;103;84;54m▀[38;2;176;159;69;48;2;176;159;69m▀[38;2;176;159;69;48;2;176;159;69m▀[38;2;0;0;0;48;2;0;0;0m▀[38;2;0;0;0;48;2;0;0;0m▀[0m [0m [0m [0m [0m [0m [0m
[0m [0m [38;2;0;0;0;48;2;0;0;0m▀[38;2;0;0;0;48;2;0;0;0m▀[38;2;0;0;0;48;2;0;0;0m▀[38;2;0;0;0;48;2;0;0;0m▀[38;2;0;0;0;48;2;0;0;0m▀[38;2;0;0;0;48;2;0;0;0m▀[38;2;251;244;195;48;2;251;244;195m▀[38;2;251;244;195;48;2;251;244;195m▀[38;2;103;84;54;48;2;103;84;54m▀[38;2;103;84;54;48;2;103;84;54m▀[38;2;0;0;0;48;2;0;0;0m▀[38;2;0;0;0;48;2;0;0;0m▀[38;2;0;0;0;48;2;0;0;0m▀[38;2;0;0;0;48;2;0;0;0m▀[38;2;0;0;0;48;2;0;0;0m▀[38;2;0;0;0;48;2;0;0;0m▀[38;2;103;84;54;48;2;103;84;54m▀[38;2;103;84;54;48;2;103;84;54m▀[38;2;176;159;69;48;2;176;159;69m▀[38;2;176;159;69;48;2;176;159;69m▀[38;2;0;0;0;48;2;0;0;0m▀[38;2;0;0;0;48;2;0;0;0m▀[38;2;0;0;0;48;2;0;0;0m▀[38;2;0;0;0;48;2;0;0;0m▀[38;2;0;0;0;48;2;0;0;0m▀[38;2;0;0;0;48;2;0;0;0m▀[0m [0m [0m [0m [0m
[38;2;0;0;0;48;2;0;0;0m▀[38;2;0;0;0;48;2;0;0;0m▀[38;2;251;244;195;48;2;251;244;195m▀[38;2;251;244;195;48;2;251;244;195m▀[38;2;213;194;92;48;2;213;194;92m▀[38;2;213;194;92;48;2;213;194;92m▀[38;2;0;0;0;48;2;0;0;0m▀[38;2;0;0;0;48;2;0;0;0m▀[38;2;0;0;0;48;2;0;0;0m▀[38;2;0;0;0;48;2;0;0;0m▀[38;2;251;244;195;48;2;251;244;195m▀[38;2;251;244;195;48;2;251;244;195m▀[38;2;213;194;92;48;2;213;194;92m▀[38;2;213;194;92;48;2;213;194;92m▀[38;2;176;159;69;48;2;176;159;69m▀[38;2;176;159;69;48;2;176;159;69m▀[38;2;176;159;69;48;2;176;159;69m▀[38;2;176;159;69;48;2;176;159;69m▀[38;2;176;159;69;48;2;176;159;69m▀[38;2;176;159;69;48;2;176;159;69m▀[38;2;0;0;0;48;2;0;0;0m▀[38;2;0;0;0;48;2;0;0;0m▀[38;2;0;0;0;48;2;0;0;0m▀[38;2;0;0;0;48;2;0;0;0m▀[38;2;251;244;195;48;2;251;244;195m▀[38;2;251;244;195;48;2;251;244;195m▀[38;2;213;194;92;48;2;213;194;92m▀[38;2;213;194;92;48;2;213;194;92m▀[38;2;0;0;0;48;2;0;0;0m▀[38;2;0;0;0;48;2;0;0;0m▀[0m [0m [0m
[38;2;0;0;0;48;2;0;0;0m▀[38;2;0;0;0;48;2;0;0;0m▀[38;2;213;194;92;48;2;213;194;92m▀[38;2;213;194;92;48;2;213;194;92m▀[38;2;176;159;69;48;2;176;159;69m▀[38;2;176;159;69;48;2;176;159;69m▀[38;2;0;0;0;48;2;0;0;0m▀[38;2;0;0;0;48;2;0;0;0m▀[0m [0m [38;2;0;0;0;48;2;0;0;0m▀[38;2;0;0;0;48;2;0;0;0m▀[38;2;0;0;0;48;2;0;0;0m▀[38;2;0;0;0;48;2;0;0;0m▀[38;2;0;0;0;48;2;0;0;0m▀[38;2;0;0;0;48;2;0;0;0m▀[38;2;0;0;0;48;2;0;0;0m▀[38;2;0;0;0;48;2;0;0;0m▀[38;2;0;0;0;48;2;0;0;0m▀[38;2;0;0;0;48;2;0;0;0m▀[0m [0m [38;2;0;0;0;48;2;0;0;0m▀[38;2;0;0;0;48;2;0;0;0m▀[38;2;213;194;92;48;2;213;194;92m▀[38;2;213;194;92;48;2;213;194;92m▀[38;2;176;159;69;48;2;176;159;69m▀[38;2;176;159;69;48;2;176;159;69m▀[38;2;0;0;0;48;2;0;0;0m▀[38;2;0;0;0;48;2;0;0;0m▀[0m [0m [0m
[0m [0m [38;2;0;0;0;48;2;0;0;0m▀[38;2;0;0;0;48;2;0;0;0m▀[38;2;0;0;0;48;2;0;0;0m▀[38;2;0;0;0;48;2;0;0;0m▀[0m [0m [0m [0m [38;2;0;0;0;48;2;0;0;0m▀[38;2;0;0;0;48;2;0;0;0m▀[38;2;200;201;204;48;2;200;201;204m▀[38;2;200;201;204;48;2;200;201;204m▀[38;2;0;0;0;48;2;0;0;0m▀[38;2;0;0;0;48;2;0;0;0m▀[38;2;200;201;204;48;2;200;201;204m▀[38;2;200;201;204;48;2;200;201;204m▀[38;2;0;0;0;48;2;0;0;0m▀[38;2;0;0;0;48;2;0;0;0m▀[0m [0m [0m [0m [38;2;0;0;0;48;2;0;0;0m▀[38;2;0;0;0;48;2;0;0;0m▀[38;2;0;0;0;48;2;0;0;0m▀[38;2;0;0;0;48;2;0;0;0m▀[0m [0m [0m [0m [0m
[0m [0m [0m [0m [0m [0m [0m [0m [38;2;0;0;0;48;2;0;0;0m▀[38;2;0;0;0;48;2;0;0;0m▀[38;2;169;116;72;48;2;169;116;72m▀[38;2;169;116;72;48;2;169;116;72m▀[38;2;129;78;34;48;2;129;78;34m▀[38;2;129;78;34;48;2;129;78;34m▀[38;2;0;0;0;48;2;0;0;0m▀[38;2;0;0;0;48;2;0;0;0m▀[38;2;129;78;34;48;2;129;78;34m▀[38;2;129;78;34;48;2;129;78;34m▀[38;2;169;116;72;48;2;169;116;72m▀[38;2;169;116;72;48;2;169;116;72m▀[38;2;0;0;0;48;2;0;0;0m▀[38;2;0;0;0;48;2;0;0;0m▀[0m [0m [0m [0m [0m [0m [0m [0m [0m [0m [0m
[0m [0m [0m [0m [0m [0m [0m [0m [38;2;0;0;0;48;2;0;0;0m▀[38;2;0;0;0;48;2;0;0;0m▀[38;2;0;0;0;48;2;0;0;0m▀[38;2;0;0;0;48;2;0;0;0m▀[38;2;0;0;0;48;2;0;0;0m▀[38;2;0;0;0;48;2;0;0;0m▀[38;2;0;0;0;48;2;0;0;0m▀[38;2;0;0;0;48;2;0;0;0m▀[38;2;0;0;0;48;2;0;0;0m▀[38;2;0;0;0;48;2;0;0;0m▀[38;2;0;0;0;48;2;0;0;0m▀[38;2;0;0;0;48;2;0;0;0m▀[38;2;0;0;0;48;2;0;0;0m▀[38;2;0;0;0;48;2;0;0;0m▀[0m [0m [0m [0m [0m [0m [0m [0m [0m [0m [0m
