[0m [0m [0m [0m [0m [0m [0m [0m [0m [0m [0m [0m [0m [0m [38;2;0;0;0;48;2;0;0;0m▀[38;2;0;0;0;48;2;0;0;0m▀[0m [0m [0m [0m [0m [0m [0m [0m [0m [0m [0m [0m [0m [0m [0m [0m [0m
[0m [0m [0m [0m [0m [0m [0m [0m [0m [0m [0m [0m [0m [0m [0m [0m [38;2;0;0;0;48;2;0;0;0m▀[38;2;0;0;0;48;2;0;0;0m▀[0m [0m [0m [0m [0m [0m [0m [0m [0m [0m [0m [0m [0m [0m [0m
[0m [0m [0m [0m [0m [0m [0m [0m [0m [0m [0m [0m [0m [0m [38;2;0;0;0;48;2;0;0;0m▀[38;2;0;0;0;48;2;0;0;0m▀[0m [0m [0m [0m [0m [0m [0m [0m [0m [0m [0m [0m [0m [0m [0m [0m [0m
[0m [0m [0m [0m [0m [0m [0m [0m [0m [0m [38;2;0;0;0;48;2;0;0;0m▀[38;2;0;0;0;48;2;0;0;0m▀[38;2;0;0;0;48;2;0;0;0m▀[38;2;0;0;0;48;2;0;0;0m▀[38;2;0;0;0;48;2;0;0;0m▀[38;2;0;0;0;48;2;0;0;0m▀[38;2;0;0;0;48;2;0;0;0m▀[38;2;0;0;0;48;2;0;0;0m▀[38;2;0;0;0;48;2;0;0;0m▀[38;2;0;0;0;48;2;0;0;0m▀[0m [0m [0m [0m [0m [0m [0m [0m [0m [0m [0m [0m [0m
[0m [0m [0m [0m [0m [0m [0m [0m [38;2;0;0;0;48;2;0;0;0m▀[38;2;0;0;0;48;2;0;0;0m▀[38;2;253;222;176;48;2;253;222;176m▀[38;2;253;222;176;48;2;253;222;176m▀[38;2;253;222;176;48;2;253;222;176m▀[38;2;253;222;176;48;2;253;222;176m▀[38;2;253;222;176;48;2;253;222;176m▀[38;2;253;222;176;48;2;253;222;176m▀[38;2;253;222;176;48;2;253;222;176m▀[38;2;253;222;176;48;2;253;222;176m▀[38;2;252;204;133;48;2;252;204;133m▀[38;2;252;204;133;48;2;252;204;133m▀[38;2;0;0;0;48;2;0;0;0m▀[38;2;0;0;0;48;2;0;0;0m▀[0m [0m [0m [0m [0m [0m [0m [0m [0m [0m [0m
[0m [0m [0m [0m [0m [0m [38;2;0;0;0;48;2;0;0;0m▀[38;2;0;0;0;48;2;0;0;0m▀[38;2;253;222;176;48;2;253;222;176m▀[38;2;253;222;176;48;2;253;222;176m▀[38;2;37;37;37;48;2;37;37;37m▀[38;2;37;37;37;48;2;37;37;37m▀[38;2;253;222;176;48;2;253;222;176m▀[38;2;253;222;176;48;2;253;222;176m▀[38;2;37;37;37;48;2;37;37;37m▀[38;2;37;37;37;48;2;37;37;37m▀[38;2;253;222;176;48;2;253;222;176m▀[38;2;253;222;176;48;2;253;222;176m▀[38;2;253;222;176;48;2;253;222;176m▀[38;2;253;222;176;48;2;253;222;176m▀[38;2;252;204;133;48;2;252;204;133m▀[38;2;252;204;133;48;2;252;204;133m▀[38;2;0;0;0;48;2;0;0;0m▀[38;2;0;0;0;48;2;0;0;0m▀[0m [0m [0m [0m [0m [0m [0m [0m [0m
[0m [0m [0m [0m [38;2;0;0;0;48;2;0;0;0m▀[38;2;0;0;0;48;2;0;0;0m▀[38;2;0;0;0;48;2;0;0;0m▀[38;2;0;0;0;48;2;0;0;0m▀[38;2;0;0;0;48;2;0;0;0m▀[38;2;0;0;0;48;2;0;0;0m▀[38;2;0;0;0;48;2;0;0;0m▀[38;2;0;0;0;48;2;0;0;0m▀[38;2;0;0;0;48;2;0;0;0m▀[38;2;0;0;0;48;2;0;0;0m▀[38;2;0;0;0;48;2;0;0;0m▀[38;2;0;0;0;48;2;0;0;0m▀[38;2;0;0;0;48;2;0;0;0m▀[38;2;0;0;0;48;2;0;0;0m▀[38;2;0;0;0;48;2;0;0;0m▀[38;2;0;0;0;48;2;0;0;0m▀[38;2;0;0;0;48;2;0;0;0m▀[38;2;0;0;0;48;2;0;0;0m▀[38;2;0;0;0;48;2;0;0;0m▀[38;2;0;0;0;48;2;0;0;0m▀[38;2;0;0;0;48;2;0;0;0m▀[38;2;0;0;0;48;2;0;0;0m▀[0m [0m [0m [0m [0m [0m [0m
[0m [0m [0m [0m [38;2;0;0;0;48;2;0;0;0m▀[38;2;0;0;0;48;2;0;0;0m▀[38;2;0;0;0;48;2;0;0;0m▀[38;2;0;0;0;48;2;0;0;0m▀[38;2;224;224;224;48;2;224;224;224m▀[38;2;224;224;224;48;2;224;224;224m▀[38;2;0;0;0;48;2;0;0;0m▀[38;2;0;0;0;48;2;0;0;0m▀[38;2;0;0;0;48;2;0;0;0m▀[38;2;0;0;0;48;2;0;0;0m▀[38;2;0;0;0;48;2;0;0;0m▀[38;2;0;0;0;48;2;0;0;0m▀[38;2;224;224;224;48;2;224;224;224m▀[38;2;224;224;224;48;2;224;224;224m▀[38;2;0;0;0;48;2;0;0;0m▀[38;2;0;0;0;48;2;0;0;0m▀[38;2;0;0;0;48;2;0;0;0m▀[38;2;0;0;0;48;2;0;0;0m▀[38;2;0;0;0;48;2;0;0;0m▀[38;2;0;0;0;48;2;0;0;0m▀[38;2;0;0;0;48;2;0;0;0m▀[38;2;0;0;0;48;2;0;0;0m▀[0m [0m [0m [0m [0m [0m [0m
[0m [0m [0m [0m [38;2;0;0;0;48;2;0;0;0m▀[38;2;0;0;0;48;2;0;0;0m▀[38;2;0;0;0;48;2;0;0;0m▀[38;2;0;0;0;48;2;0;0;0m▀[38;2;0;0;0;48;2;0;0;0m▀[38;2;0;0;0;48;2;0;0;0m▀[38;2;0;0;0;48;2;0;0;0m▀[38;2;0;0;0;48;2;0;0;0m▀[38;2;253;222;176;48;2;253;222;176m▀[38;2;253;222;176;48;2;253;222;176m▀[38;2;253;222;176;48;2;253;222;176m▀[38;2;253;222;176;48;2;253;222;176m▀[38;2;0;0;0;48;2;0;0;0m▀[38;2;0;0;0;48;2;0;0;0m▀[38;2;0;0;0;48;2;0;0;0m▀[38;2;0;0;0;48;2;0;0;0m▀[38;2;0;0;0;48;2;0;0;0m▀[38;2;0;0;0;48;2;0;0;0m▀[38;2;252;204;133;48;2;252;204;133m▀[38;2;252;204;133;48;2;252;204;133m▀[38;2;0;0;0;48;2;0;0;0m▀[38;2;0;0;0;48;2;0;0;0m▀[0m [0m [0m [0m [0m [0m [0m
[0m [0m [0m [0m [38;2;0;0;0;48;2;0;0;0m▀[38;2;0;0;0;48;2;0;0;0m▀[38;2;253;222;176;48;2;253;222;176m▀[38;2;253;222;176;48;2;253;222;176m▀[38;2;253;222;176;48;2;253;222;176m▀[38;2;253;222;176;48;2;253;222;176m▀[38;2;253;222;176;48;2;253;222;176m▀[38;2;253;222;176;48;2;253;222;176m▀[38;2;253;222;176;48;2;253;222;176m▀[38;2;253;222;176;48;2;253;222;176m▀[38;2;253;222;176;48;2;253;222;176m▀[38;2;253;222;176;48;2;253;222;176m▀[38;2;253;222;176;48;2;253;222;176m▀[38;2;253;222;176;48;2;253;222;176m▀[38;2;253;222;176;48;2;253;222;176m▀[38;2;253;222;176;48;2;253;222;176m▀[38;2;253;222;176;48;2;253;222;176m▀[38;2;253;222;176;48;2;253;222;176m▀[38;2;252;204;133;48;2;252;204;133m▀[38;2;252;204;133;48;2;252;204;133m▀[38;2;0;0;0;48;2;0;0;0m▀[38;2;0;0;0;48;2;0;0;0m▀[0m [0m [0m [0m [0m [0m [0m
[0m [0m [0m [0m [38;2;0;0;0;48;2;0;0;0m▀[38;2;0;0;0;48;2;0;0;0m▀[38;2;253;222;176;48;2;253;222;176m▀[38;2;253;222;176;48;2;253;222;176m▀[38;2;253;222;176;48;2;253;222;176m▀[38;2;253;222;176;48;2;253;222;176m▀[38;2;37;37;37;48;2;37;37;37m▀[38;2;37;37;37;48;2;37;37;37m▀[38;2;37;37;37;48;2;37;37;37m▀[38;2;37;37;37;48;2;37;37;37m▀[38;2;37;37;37;48;2;37;37;37m▀[38;2;37;37;37;48;2;37;37;37m▀[38;2;37;37;37;48;2;37;37;37m▀[38;2;37;37;37;48;2;37;37;37m▀[38;2;253;222;176;48;2;253;222;176m▀[38;2;253;222;176;48;2;253;222;176m▀[38;2;253;222;176;48;2;253;222;176m▀[38;2;253;222;176;48;2;253;222;176m▀[38;2;252;204;133;48;2;252;204;133m▀[38;2;252;204;133;48;2;252;204;133m▀[38;2;0;0;0;48;2;0;0;0m▀[38;2;0;0;0;48;2;0;0;0m▀[0m [0m [0m [0m [0m [0m [0m
[0m [0m [0m [0m [0m [0m [38;2;0;0;0;48;2;0;0;0m▀[38;2;0;0;0;48;2;0;0;0m▀[38;2;37;37;37;48;2;37;37;37m▀[38;2;37;37;37;48;2;37;37;37m▀[38;2;253;222;176;48;2;253;222;176m▀[38;2;253;222;176;48;2;253;222;176m▀[38;2;253;222;176;48;2;253;222;176m▀[38;2;253;222;176;48;2;253;222;176m▀[38;2;253;222;176;48;2;253;222;176m▀[38;2;253;222;176;48;2;253;222;176m▀[38;2;253;222;176;48;2;253;222;176m▀[38;2;253;222;176;48;2;253;222;176m▀[38;2;37;37;37;48;2;37;37;37m▀[38;2;37;37;37;48;2;37;37;37m▀[38;2;252;204;133;48;2;252;204;133m▀[38;2;252;204;133;48;2;252;204;133m▀[38;2;0;0;0;48;2;0;0;0m▀[38;2;0;0;0;48;2;0;0;0m▀[0m [0m [0m [0m [0m [0m [0m [0m [0m
[0m [0m [0m [0m [38;2;0;0;0;48;2;0;0;0m▀[38;2;0;0;0;48;2;0;0;0m▀[38;2;232;54;45;48;2;232;54;45m▀[38;2;232;54;45;48;2;232;54;45m▀[38;2;0;0;0;48;2;0;0;0m▀[38;2;0;0;0;48;2;0;0;0m▀[38;2;253;222;176;48;2;253;222;176m▀[38;2;253;222;176;48;2;253;222;176m▀[38;2;232;54;45;48;2;232;54;45m▀[38;2;232;54;45;48;2;232;54;45m▀[38;2;232;54;45;48;2;232;54;45m▀[38;2;232;54;45;48;2;232;54;45m▀[38;2;253;222;176;48;2;253;222;176m▀[38;2;253;222;176;48;2;253;222;176m▀[38;2;252;204;133;48;2;252;204;133m▀[38;2;252;204;133;48;2;252;204;133m▀[38;2;0;0;0;48;2;0;0;0m▀[38;2;0;0;0;48;2;0;0;0m▀[38;2;232;54;45;48;2;232;54;45m▀[38;2;232;54;45;48;2;232;54;45m▀[38;2;0;0;0;48;2;0;0;0m▀[38;2;0;0;0;48;2;0;0;0m▀[0m [0m [0m [0m [0m [0m [0m
[0m [0m [38;2;0;0;0;48;2;0;0;0m▀[38;2;0;0;0;48;2;0;0;0m▀[38;2;0;0;0;48;2;0;0;0m▀[38;2;0;0;0;48;2;0;0;0m▀[38;2;0;0;0;48;2;0;0;0m▀[38;2;0;0;0;48;2;0;0;0m▀[38;2;0;0;0;48;2;0;0;0m▀[38;2;0;0;0;48;2;0;0;0m▀[38;2;0;0;0;48;2;0;0;0m▀[38;2;0;0;0;48;2;0;0;0m▀[38;2;0;0;0;48;2;0;0;0m▀[38;2;0;0;0;48;2;0;0;0m▀[38;2;0;0;0;48;2;0;0;0m▀[38;2;0;0;0;48;2;0;0;0m▀[38;2;0;0;0;48;2;0;0;0m▀[38;2;0;0;0;48;2;0;0;0m▀[38;2;0;0;0;48;2;0;0;0m▀[38;2;0;0;0;48;2;0;0;0m▀[0m [0m [38;2;0;0;0;48;2;0;0;0m▀[38;2;0;0;0;48;2;0;0;0m▀[38;2;0;0;0;48;2;0;0;0m▀[38;2;0;0;0;48;2;0;0;0m▀[38;2;0;0;0;48;2;0;0;0m▀[38;2;0;0;0;48;2;0;0;0m▀[38;2;0;0;0;48;2;0;0;0m▀[38;2;0;0;0;48;2;0;0;0m▀[0m [0m [0m
[38;2;0;0;0;48;2;0;0;0m▀[38;2;0;0;0;48;2;0;0;0m▀[38;2;197;44;44;48;2;197;44;44m▀[38;2;197;44;44;48;2;197;44;44m▀[38;2;0;0;0;48;2;0;0;0m▀[38;2;0;0;0;48;2;0;0;0m▀[38;2;33;64;135;48;2;33;64;135m▀[38;2;33;64;135;48;2;33;64;135m▀[38;2;0;0;0;48;2;0;0;0m▀[38;2;0;0;0;48;2;0;0;0m▀[0m [0m [0m [0m [0m [0m [0m [0m [0m [0m [0m [0m [38;2;0;0;0;48;2;0;0;0m▀[38;2;0;0;0;48;2;0;0;0m▀[38;2;33;64;135;48;2;33;64;135m▀[38;2;33;64;135;48;2;33;64;135m▀[38;2;0;0;0;48;2;0;0;0m▀[38;2;0;0;0;48;2;0;0;0m▀[38;2;197;44;44;48;2;197;44;44m▀[38;2;197;44;44;48;2;197;44;44m▀[38;2;0;0;0;48;2;0;0;0m▀[38;2;0;0;0;48;2;0;0;0m▀[0m
[38;2;0;0;0;48;2;0;0;0m▀[38;2;0;0;0;48;2;0;0;0m▀[38;2;0;0;0;48;2;0;0;0m▀[38;2;0;0;0;48;2;0;0;0m▀[38;2;0;0;0;48;2;0;0;0m▀[38;2;0;0;0;48;2;0;0;0m▀[38;2;0;0;0;48;2;0;0;0m▀[38;2;0;0;0;48;2;0;0;0m▀[38;2;0;0;0;48;2;0;0;0m▀[38;2;0;0;0;48;2;0;0;0m▀[0m [0m [0m [0m [0m [0m [0m [0m [0m [0m [0m [0m [38;2;0;0;0;48;2;0;0;0m▀[38;2;0;0;0;48;2;0;0;0m▀[38;2;0;0;0;48;2;0;0;0m▀[38;2;0;0;0;48;2;0;0;0m▀[38;2;0;0;0;48;2;0;0;0m▀[38;2;0;0;0;48;2;0;0;0m▀[38;2;0;0;0;48;2;0;0;0m▀[38;2;0;0;0;48;2;0;0;0m▀[38;2;0;0;0;48;2;0;0;0m▀[38;2;0;0;0;48;2;0;0;0m▀[0m
