[0m [0m [0m [0m [0m [0m [0m [0m [0m [0m [0m [0m [0m [0m [0m [0m [0m [0m [0m [0m [0m [0m [0m [0m [0m [0m [0m [0m [0m [0m [0m [0m [0m
[0m [0m [0m [0m [0m [0m [0m [0m [0m [0m [0m [0m [0m [0m [0m [0m [0m [0m [0m [0m [0m [0m [0m [0m [0m [0m [0m [0m [0m [0m [0m [0m [0m
[0m [0m [0m [0m [0m [0m [0m [0m [0m [0m [0m [0m [0m [0m [0m [0m [0m [0m [0m [0m [0m [0m [0m [0m [0m [0m [0m [0m [0m [0m [0m [0m [0m
[0m [0m [0m [0m [0m [0m [0m [0m [0m [0m [38;2;0;0;0;48;2;0;0;0m▀[38;2;0;0;0;48;2;0;0;0m▀[38;2;0;0;0;48;2;0;0;0m▀[38;2;0;0;0;48;2;0;0;0m▀[38;2;0;0;0;48;2;0;0;0m▀[38;2;0;0;0;48;2;0;0;0m▀[38;2;0;0;0;48;2;0;0;0m▀[38;2;0;0;0;48;2;0;0;0m▀[38;2;0;0;0;48;2;0;0;0m▀[38;2;0;0;0;48;2;0;0;0m▀[38;2;0;0;0;48;2;0;0;0m▀[38;2;0;0;0;48;2;0;0;0m▀[38;2;0;0;0;48;2;0;0;0m▀[38;2;0;0;0;48;2;0;0;0m▀[0m [0m [0m [0m [0m [0m [0m [0m [0m
[0m [0m [0m [0m [0m [0m [0m [0m [38;2;0;0;0;48;2;0;0;0m▀[38;2;0;0;0;48;2;0;0;0m▀[38;2;39;83;48;48;2;39;83;48m▀[38;2;39;83;48;48;2;39;83;48m▀[38;2;0;0;0;48;2;0;0;0m▀[38;2;0;0;0;48;2;0;0;0m▀[38;2;0;0;0;48;2;0;0;0m▀[38;2;0;0;0;48;2;0;0;0m▀[38;2;0;0;0;48;2;0;0;0m▀[38;2;0;0;0;48;2;0;0;0m▀[38;2;39;83;48;48;2;39;83;48m▀[38;2;39;83;48;48;2;39;83;48m▀[38;2;39;83;48;48;2;39;83;48m▀[38;2;39;83;48;48;2;39;83;48m▀[38;2;84;134;96;48;2;84;134;96m▀[38;2;84;134;96;48;2;84;134;96m▀[38;2;0;0;0;48;2;0;0;0m▀[38;2;0;0;0;48;2;0;0;0m▀[38;2;0;0;0;48;2;0;0;0m▀[38;2;0;0;0;48;2;0;0;0m▀[0m [0m [0m [0m [0m
[0m [0m [0m [0m [0m [0m [38;2;0;0;0;48;2;0;0;0m▀[38;2;0;0;0;48;2;0;0;0m▀[38;2;0;0;0;48;2;0;0;0m▀[38;2;0;0;0;48;2;0;0;0m▀[38;2;0;0;0;48;2;0;0;0m▀[38;2;0;0;0;48;2;0;0;0m▀[38;2;223;86;78;48;2;223;86;78m▀[38;2;223;86;78;48;2;223;86;78m▀[38;2;142;3;26;48;2;142;3;26m▀[38;2;142;3;26;48;2;142;3;26m▀[38;2;0;0;0;48;2;0;0;0m▀[38;2;0;0;0;48;2;0;0;0m▀[38;2;0;0;0;48;2;0;0;0m▀[38;2;0;0;0;48;2;0;0;0m▀[38;2;0;0;0;48;2;0;0;0m▀[38;2;0;0;0;48;2;0;0;0m▀[38;2;39;83;48;48;2;39;83;48m▀[38;2;39;83;48;48;2;39;83;48m▀[38;2;84;134;96;48;2;84;134;96m▀[38;2;84;134;96;48;2;84;134;96m▀[38;2;196;215;136;48;2;196;215;136m▀[38;2;196;215;136;48;2;196;215;136m▀[38;2;0;0;0;48;2;0;0;0m▀[38;2;0;0;0;48;2;0;0;0m▀[0m [0m [0m
[0m [0m [0m [0m [38;2;0;0;0;48;2;0;0;0m▀[38;2;0;0;0;48;2;0;0;0m▀[38;2;84;134;96;48;2;84;134;96m▀[38;2;84;134;96;48;2;84;134;96m▀[38;2;196;215;136;48;2;196;215;136m▀[38;2;196;215;136;48;2;196;215;136m▀[38;2;196;215;136;48;2;196;215;136m▀[38;2;196;215;136;48;2;196;215;136m▀[38;2;0;0;0;48;2;0;0;0m▀[38;2;0;0;0;48;2;0;0;0m▀[38;2;0;0;0;48;2;0;0;0m▀[38;2;0;0;0;48;2;0;0;0m▀[38;2;39;83;48;48;2;39;83;48m▀[38;2;39;83;48;48;2;39;83;48m▀[38;2;39;83;48;48;2;39;83;48m▀[38;2;39;83;48;48;2;39;83;48m▀[38;2;84;134;96;48;2;84;134;96m▀[38;2;84;134;96;48;2;84;134;96m▀[38;2;196;215;136;48;2;196;215;136m▀[38;2;196;215;136;48;2;196;215;136m▀[38;2;0;0;0;48;2;0;0;0m▀[38;2;0;0;0;48;2;0;0;0m▀[38;2;0;0;0;48;2;0;0;0m▀[38;2;0;0;0;48;2;0;0;0m▀[38;2;107;71;49;48;2;107;71;49m▀[38;2;107;71;49;48;2;107;71;49m▀[38;2;0;0;0;48;2;0;0;0m▀[38;2;0;0;0;48;2;0;0;0m▀[0m
[0m [0m [38;2;0;0;0;48;2;0;0;0m▀[38;2;0;0;0;48;2;0;0;0m▀[38;2;79;61;47;48;2;79;61;47m▀[38;2;79;61;47;48;2;79;61;47m▀[38;2;0;0;0;48;2;0;0;0m▀[38;2;0;0;0;48;2;0;0;0m▀[38;2;84;134;96;48;2;84;134;96m▀[38;2;84;134;96;48;2;84;134;96m▀[38;2;84;134;96;48;2;84;134;96m▀[38;2;84;134;96;48;2;84;134;96m▀[38;2;39;83;48;48;2;39;83;48m▀[38;2;39;83;48;48;2;39;83;48m▀[38;2;84;134;96;48;2;84;134;96m▀[38;2;84;134;96;48;2;84;134;96m▀[38;2;84;134;96;48;2;84;134;96m▀[38;2;84;134;96;48;2;84;134;96m▀[38;2;196;215;136;48;2;196;215;136m▀[38;2;196;215;136;48;2;196;215;136m▀[38;2;0;0;0;48;2;0;0;0m▀[38;2;0;0;0;48;2;0;0;0m▀[38;2;0;0;0;48;2;0;0;0m▀[38;2;0;0;0;48;2;0;0;0m▀[38;2;79;61;47;48;2;79;61;47m▀[38;2;79;61;47;48;2;79;61;47m▀[38;2;201;173;76;48;2;201;173;76m▀[38;2;201;173;76;48;2;201;173;76m▀[38;2;107;71;49;48;2;107;71;49m▀[38;2;107;71;49;48;2;107;71;49m▀[38;2;0;0;0;48;2;0;0;0m▀[38;2;0;0;0;48;2;0;0;0m▀[0m
[0m [0m [38;2;0;0;0;48;2;0;0;0m▀[38;2;0;0;0;48;2;0;0;0m▀[38;2;0;0;0;48;2;0;0;0m▀[38;2;0;0;0;48;2;0;0;0m▀[38;2;201;173;76;48;2;201;173;76m▀[38;2;201;173;76;48;2;201;173;76m▀[38;2;0;0;0;48;2;0;0;0m▀[38;2;0;0;0;48;2;0;0;0m▀[38;2;0;0;0;48;2;0;0;0m▀[38;2;0;0;0;48;2;0;0;0m▀[38;2;0;0;0;48;2;0;0;0m▀[38;2;0;0;0;48;2;0;0;0m▀[38;2;0;0;0;48;2;0;0;0m▀[38;2;0;0;0;48;2;0;0;0m▀[38;2;0;0;0;48;2;0;0;0m▀[38;2;0;0;0;48;2;0;0;0m▀[38;2;0;0;0;48;2;0;0;0m▀[38;2;0;0;0;48;2;0;0;0m▀[38;2;201;173;76;48;2;201;173;76m▀[38;2;201;173;76;48;2;201;173;76m▀[38;2;79;61;47;48;2;79;61;47m▀[38;2;79;61;47;48;2;79;61;47m▀[38;2;0;0;0;48;2;0;0;0m▀[38;2;0;0;0;48;2;0;0;0m▀[38;2;0;0;0;48;2;0;0;0m▀[38;2;0;0;0;48;2;0;0;0m▀[38;2;0;0;0;48;2;0;0;0m▀[38;2;0;0;0;48;2;0;0;0m▀[0m [0m [0m
[0m [0m [0m [0m [38;2;0;0;0;48;2;0;0;0m▀[38;2;0;0;0;48;2;0;0;0m▀[38;2;0;0;0;48;2;0;0;0m▀[38;2;0;0;0;48;2;0;0;0m▀[38;2;107;71;49;48;2;107;71;49m▀[38;2;107;71;49;48;2;107;71;49m▀[38;2;107;71;49;48;2;107;71;49m▀[38;2;107;71;49;48;2;107;71;49m▀[38;2;201;173;76;48;2;201;173;76m▀[38;2;201;173;76;48;2;201;173;76m▀[38;2;79;61;47;48;2;79;61;47m▀[38;2;79;61;47;48;2;79;61;47m▀[38;2;107;71;49;48;2;107;71;49m▀[38;2;107;71;49;48;2;107;71;49m▀[38;2;107;71;49;48;2;107;71;49m▀[38;2;107;71;49;48;2;107;71;49m▀[38;2;0;0;0;48;2;0;0;0m▀[38;2;0;0;0;48;2;0;0;0m▀[38;2;0;0;0;48;2;0;0;0m▀[38;2;0;0;0;48;2;0;0;0m▀[38;2;0;0;0;48;2;0;0;0m▀[38;2;0;0;0;48;2;0;0;0m▀[38;2;0;0;0;48;2;0;0;0m▀[38;2;0;0;0;48;2;0;0;0m▀[0m [0m [0m [0m [0m
[0m [0m [0m [0m [38;2;0;0;0;48;2;0;0;0m▀[38;2;0;0;0;48;2;0;0;0m▀[38;2;243;115;14;48;2;243;115;14m▀[38;2;243;115;14;48;2;243;115;14m▀[38;2;0;0;0;48;2;0;0;0m▀[38;2;0;0;0;48;2;0;0;0m▀[38;2;0;0;0;48;2;0;0;0m▀[38;2;0;0;0;48;2;0;0;0m▀[38;2;0;0;0;48;2;0;0;0m▀[38;2;0;0;0;48;2;0;0;0m▀[38;2;0;0;0;48;2;0;0;0m▀[38;2;0;0;0;48;2;0;0;0m▀[38;2;0;0;0;48;2;0;0;0m▀[38;2;0;0;0;48;2;0;0;0m▀[38;2;0;0;0;48;2;0;0;0m▀[38;2;0;0;0;48;2;0;0;0m▀[38;2;243;115;14;48;2;243;115;14m▀[38;2;243;115;14;48;2;243;115;14m▀[38;2;243;115;14;48;2;243;115;14m▀[38;2;243;115;14;48;2;243;115;14m▀[38;2;0;0;0;48;2;0;0;0m▀[38;2;0;0;0;48;2;0;0;0m▀[38;2;0;0;0;48;2;0;0;0m▀[38;2;0;0;0;48;2;0;0;0m▀[38;2;0;0;0;48;2;0;0;0m▀[38;2;0;0;0;48;2;0;0;0m▀[0m [0m [0m
[0m [0m [0m [0m [38;2;0;0;0;48;2;0;0;0m▀[38;2;0;0;0;48;2;0;0;0m▀[38;2;249;175;18;48;2;249;175;18m▀[38;2;249;175;18;48;2;249;175;18m▀[38;2;0;0;0;48;2;0;0;0m▀[38;2;0;0;0;48;2;0;0;0m▀[38;2;243;115;14;48;2;243;115;14m▀[38;2;243;115;14;48;2;243;115;14m▀[38;2;243;115;14;48;2;243;115;14m▀[38;2;243;115;14;48;2;243;115;14m▀[38;2;243;115;14;48;2;243;115;14m▀[38;2;243;115;14;48;2;243;115;14m▀[38;2;243;115;14;48;2;243;115;14m▀[38;2;243;115;14;48;2;243;115;14m▀[38;2;0;0;0;48;2;0;0;0m▀[38;2;0;0;0;48;2;0;0;0m▀[38;2;249;175;18;48;2;249;175;18m▀[38;2;249;175;18;48;2;249;175;18m▀[38;2;243;115;14;48;2;243;115;14m▀[38;2;243;115;14;48;2;243;115;14m▀[38;2;243;115;14;48;2;243;115;14m▀[38;2;243;115;14;48;2;243;115;14m▀[38;2;243;115;14;48;2;243;115;14m▀[38;2;243;115;14;48;2;243;115;14m▀[38;2;0;0;0;48;2;0;0;0m▀[38;2;0;0;0;48;2;0;0;0m▀[0m [0m [0m
[0m [0m [0m [0m [38;2;0;0;0;48;2;0;0;0m▀[38;2;0;0;0;48;2;0;0;0m▀[38;2;39;83;48;48;2;39;83;48m▀[38;2;39;83;48;48;2;39;83;48m▀[38;2;249;175;18;48;2;249;175;18m▀[38;2;249;175;18;48;2;249;175;18m▀[38;2;249;175;18;48;2;249;175;18m▀[38;2;249;175;18;48;2;249;175;18m▀[38;2;0;0;0;48;2;0;0;0m▀[38;2;0;0;0;48;2;0;0;0m▀[38;2;0;0;0;48;2;0;0;0m▀[38;2;0;0;0;48;2;0;0;0m▀[38;2;249;175;18;48;2;249;175;18m▀[38;2;249;175;18;48;2;249;175;18m▀[38;2;249;175;18;48;2;249;175;18m▀[38;2;249;175;18;48;2;249;175;18m▀[38;2;39;83;48;48;2;39;83;48m▀[38;2;39;83;48;48;2;39;83;48m▀[38;2;249;175;18;48;2;249;175;18m▀[38;2;249;175;18;48;2;249;175;18m▀[38;2;243;115;14;48;2;243;115;14m▀[38;2;243;115;14;48;2;243;115;14m▀[38;2;0;0;0;48;2;0;0;0m▀[38;2;0;0;0;48;2;0;0;0m▀[0m [0m [0m [0m [0m
[0m [0m [0m [0m [0m [0m [38;2;0;0;0;48;2;0;0;0m▀[38;2;0;0;0;48;2;0;0;0m▀[38;2;249;175;18;48;2;249;175;18m▀[38;2;249;175;18;48;2;249;175;18m▀[38;2;249;175;18;48;2;249;175;18m▀[38;2;249;175;18;48;2;249;175;18m▀[38;2;249;175;18;48;2;249;175;18m▀[38;2;249;175;18;48;2;249;175;18m▀[38;2;249;175;18;48;2;249;175;18m▀[38;2;249;175;18;48;2;249;175;18m▀[38;2;249;175;18;48;2;249;175;18m▀[38;2;249;175;18;48;2;249;175;18m▀[38;2;249;175;18;48;2;249;175;18m▀[38;2;249;175;18;48;2;249;175;18m▀[38;2;249;175;18;48;2;249;175;18m▀[38;2;249;175;18;48;2;249;175;18m▀[38;2;249;175;18;48;2;249;175;18m▀[38;2;249;175;18;48;2;249;175;18m▀[38;2;243;115;14;48;2;243;115;14m▀[38;2;243;115;14;48;2;243;115;14m▀[38;2;0;0;0;48;2;0;0;0m▀[38;2;0;0;0;48;2;0;0;0m▀[0m [0m [0m [0m [0m
[0m [0m [0m [0m [0m [0m [0m [0m [38;2;0;0;0;48;2;0;0;0m▀[38;2;0;0;0;48;2;0;0;0m▀[38;2;249;175;18;48;2;249;175;18m▀[38;2;249;175;18;48;2;249;175;18m▀[38;2;0;0;0;48;2;0;0;0m▀[38;2;0;0;0;48;2;0;0;0m▀[38;2;0;0;0;48;2;0;0;0m▀[38;2;0;0;0;48;2;0;0;0m▀[38;2;249;175;18;48;2;249;175;18m▀[38;2;249;175;18;48;2;249;175;18m▀[38;2;0;0;0;48;2;0;0;0m▀[38;2;0;0;0;48;2;0;0;0m▀[38;2;0;0;0;48;2;0;0;0m▀[38;2;0;0;0;48;2;0;0;0m▀[38;2;249;175;18;48;2;249;175;18m▀[38;2;249;175;18;48;2;249;175;18m▀[38;2;0;0;0;48;2;0;0;0m▀[38;2;0;0;0;48;2;0;0;0m▀[0m [0m [0m [0m [0m [0m [0m
[0m [0m [0m [0m [0m [0m [0m [0m [38;2;0;0;0;48;2;0;0;0m▀[38;2;0;0;0;48;2;0;0;0m▀[38;2;0;0;0;48;2;0;0;0m▀[38;2;0;0;0;48;2;0;0;0m▀[0m [0m [0m [0m [38;2;0;0;0;48;2;0;0;0m▀[38;2;0;0;0;48;2;0;0;0m▀[38;2;0;0;0;48;2;0;0;0m▀[38;2;0;0;0;48;2;0;0;0m▀[0m [0m [38;2;0;0;0;48;2;0;0;0m▀[38;2;0;0;0;48;2;0;0;0m▀[0m [0m [0m [0m [0m [0m [0m [0m [0m
