[0m [0m [0m [0m [0m [0m [0m [0m [0m [0m [0m [0m [0m [0m [0m [0m [38;2;0;0;0;48;2;0;0;0m▀[38;2;0;0;0;48;2;0;0;0m▀[38;2;0;0;0;48;2;0;0;0m▀[38;2;0;0;0;48;2;0;0;0m▀[0m [0m [0m [0m [0m [0m [0m [0m [0m [0m [0m [0m [0m
[0m [0m [0m [0m [0m [0m [0m [0m [0m [0m [0m [0m [0m [0m [38;2;0;0;0;48;2;0;0;0m▀[38;2;0;0;0;48;2;0;0;0m▀[38;2;247;255;255;48;2;247;255;255m▀[38;2;247;255;255;48;2;247;255;255m▀[38;2;0;0;0;48;2;0;0;0m▀[38;2;0;0;0;48;2;0;0;0m▀[0m [0m [0m [0m [0m [0m [0m [0m [0m [0m [0m [0m [0m
[0m [0m [0m [0m [0m [0m [0m [0m [0m [0m [0m [0m [38;2;0;0;0;48;2;0;0;0m▀[38;2;0;0;0;48;2;0;0;0m▀[38;2;247;255;255;48;2;247;255;255m▀[38;2;247;255;255;48;2;247;255;255m▀[38;2;247;255;255;48;2;247;255;255m▀[38;2;247;255;255;48;2;247;255;255m▀[38;2;0;0;0;48;2;0;0;0m▀[38;2;0;0;0;48;2;0;0;0m▀[0m [0m [0m [0m [0m [0m [0m [0m [0m [0m [0m [0m [0m
[0m [0m [0m [0m [0m [0m [0m [0m [0m [0m [38;2;0;0;0;48;2;0;0;0m▀[38;2;0;0;0;48;2;0;0;0m▀[38;2;247;255;255;48;2;247;255;255m▀[38;2;247;255;255;48;2;247;255;255m▀[38;2;247;255;255;48;2;247;255;255m▀[38;2;247;255;255;48;2;247;255;255m▀[38;2;156;189;255;48;2;156;189;255m▀[38;2;156;189;255;48;2;156;189;255m▀[38;2;0;0;0;48;2;0;0;0m▀[38;2;0;0;0;48;2;0;0;0m▀[0m [0m [0m [0m [0m [0m [0m [0m [0m [0m [0m [0m [0m
[0m [0m [0m [0m [0m [0m [0m [0m [0m [0m [38;2;0;0;0;48;2;0;0;0m▀[38;2;0;0;0;48;2;0;0;0m▀[38;2;247;255;255;48;2;247;255;255m▀[38;2;247;255;255;48;2;247;255;255m▀[38;2;0;0;0;48;2;0;0;0m▀[38;2;0;0;0;48;2;0;0;0m▀[38;2;156;189;255;48;2;156;189;255m▀[38;2;156;189;255;48;2;156;189;255m▀[38;2;156;189;255;48;2;156;189;255m▀[38;2;156;189;255;48;2;156;189;255m▀[38;2;0;0;0;48;2;0;0;0m▀[38;2;0;0;0;48;2;0;0;0m▀[0m [0m [0m [0m [0m [0m [0m [0m [0m [0m [0m
[0m [0m [0m [0m [0m [0m [0m [0m [38;2;0;0;0;48;2;0;0;0m▀[38;2;0;0;0;48;2;0;0;0m▀[38;2;156;189;255;48;2;156;189;255m▀[38;2;156;189;255;48;2;156;189;255m▀[38;2;0;0;0;48;2;0;0;0m▀[38;2;0;0;0;48;2;0;0;0m▀[38;2;0;0;0;48;2;0;0;0m▀[38;2;0;0;0;48;2;0;0;0m▀[38;2;156;189;255;48;2;156;189;255m▀[38;2;156;189;255;48;2;156;189;255m▀[38;2;247;255;255;48;2;247;255;255m▀[38;2;247;255;255;48;2;247;255;255m▀[38;2;156;189;255;48;2;156;189;255m▀[38;2;156;189;255;48;2;156;189;255m▀[38;2;0;0;0;48;2;0;0;0m▀[38;2;0;0;0;48;2;0;0;0m▀[0m [0m [0m [0m [0m [0m [0m [0m [0m
[0m [0m [0m [0m [0m [0m [38;2;0;0;0;48;2;0;0;0m▀[38;2;0;0;0;48;2;0;0;0m▀[38;2;247;255;255;48;2;247;255;255m▀[38;2;247;255;255;48;2;247;255;255m▀[38;2;255;255;255;48;2;255;255;255m▀[38;2;255;255;255;48;2;255;255;255m▀[38;2;234;206;73;48;2;234;206;73m▀[38;2;234;206;73;48;2;234;206;73m▀[38;2;156;189;255;48;2;156;189;255m▀[38;2;156;189;255;48;2;156;189;255m▀[38;2;247;255;255;48;2;247;255;255m▀[38;2;247;255;255;48;2;247;255;255m▀[38;2;255;255;255;48;2;255;255;255m▀[38;2;255;255;255;48;2;255;255;255m▀[38;2;234;206;73;48;2;234;206;73m▀[38;2;234;206;73;48;2;234;206;73m▀[38;2;156;189;255;48;2;156;189;255m▀[38;2;156;189;255;48;2;156;189;255m▀[38;2;0;0;0;48;2;0;0;0m▀[38;2;0;0;0;48;2;0;0;0m▀[0m [0m [0m [0m [0m [0m [0m
[0m [0m [0m [0m [0m [0m [38;2;0;0;0;48;2;0;0;0m▀[38;2;0;0;0;48;2;0;0;0m▀[38;2;247;255;255;48;2;247;255;255m▀[38;2;247;255;255;48;2;247;255;255m▀[38;2;234;206;73;48;2;234;206;73m▀[38;2;234;206;73;48;2;234;206;73m▀[38;2;0;0;0;48;2;0;0;0m▀[38;2;0;0;0;48;2;0;0;0m▀[38;2;247;255;255;48;2;247;255;255m▀[38;2;247;255;255;48;2;247;255;255m▀[38;2;247;255;255;48;2;247;255;255m▀[38;2;247;255;255;48;2;247;255;255m▀[38;2;234;206;73;48;2;234;206;73m▀[38;2;234;206;73;48;2;234;206;73m▀[38;2;0;0;0;48;2;0;0;0m▀[38;2;0;0;0;48;2;0;0;0m▀[38;2;156;189;255;48;2;156;189;255m▀[38;2;156;189;255;48;2;156;189;255m▀[38;2;0;0;0;48;2;0;0;0m▀[38;2;0;0;0;48;2;0;0;0m▀[0m [0m [0m [0m [0m [0m [0m
[0m [0m [0m [0m [0m [0m [38;2;0;0;0;48;2;0;0;0m▀[38;2;0;0;0;48;2;0;0;0m▀[38;2;247;255;255;48;2;247;255;255m▀[38;2;247;255;255;48;2;247;255;255m▀[38;2;247;255;255;48;2;247;255;255m▀[38;2;247;255;255;48;2;247;255;255m▀[38;2;247;255;255;48;2;247;255;255m▀[38;2;247;255;255;48;2;247;255;255m▀[38;2;0;0;0;48;2;0;0;0m▀[38;2;0;0;0;48;2;0;0;0m▀[38;2;247;255;255;48;2;247;255;255m▀[38;2;247;255;255;48;2;247;255;255m▀[38;2;247;255;255;48;2;247;255;255m▀[38;2;247;255;255;48;2;247;255;255m▀[38;2;247;255;255;48;2;247;255;255m▀[38;2;247;255;255;48;2;247;255;255m▀[38;2;156;189;255;48;2;156;189;255m▀[38;2;156;189;255;48;2;156;189;255m▀[38;2;0;0;0;48;2;0;0;0m▀[38;2;0;0;0;48;2;0;0;0m▀[0m [0m [0m [0m [0m [0m [0m
[0m [0m [0m [0m [0m [0m [38;2;0;0;0;48;2;0;0;0m▀[38;2;0;0;0;48;2;0;0;0m▀[38;2;247;255;255;48;2;247;255;255m▀[38;2;247;255;255;48;2;247;255;255m▀[38;2;247;255;255;48;2;247;255;255m▀[38;2;247;255;255;48;2;247;255;255m▀[38;2;0;0;0;48;2;0;0;0m▀[38;2;0;0;0;48;2;0;0;0m▀[38;2;247;255;255;48;2;247;255;255m▀[38;2;247;255;255;48;2;247;255;255m▀[38;2;0;0;0;48;2;0;0;0m▀[38;2;0;0;0;48;2;0;0;0m▀[38;2;0;0;0;48;2;0;0;0m▀[38;2;0;0;0;48;2;0;0;0m▀[38;2;247;255;255;48;2;247;255;255m▀[38;2;247;255;255;48;2;247;255;255m▀[38;2;156;189;255;48;2;156;189;255m▀[38;2;156;189;255;48;2;156;189;255m▀[38;2;0;0;0;48;2;0;0;0m▀[38;2;0;0;0;48;2;0;0;0m▀[38;2;0;0;0;48;2;0;0;0m▀[38;2;0;0;0;48;2;0;0;0m▀[0m [0m [0m [0m [0m
[0m [0m [0m [0m [38;2;0;0;0;48;2;0;0;0m▀[38;2;0;0;0;48;2;0;0;0m▀[38;2;247;247;123;48;2;247;247;123m▀[38;2;247;247;123;48;2;247;247;123m▀[38;2;0;0;0;48;2;0;0;0m▀[38;2;0;0;0;48;2;0;0;0m▀[38;2;247;255;255;48;2;247;255;255m▀[38;2;247;255;255;48;2;247;255;255m▀[38;2;247;255;255;48;2;247;255;255m▀[38;2;247;255;255;48;2;247;255;255m▀[38;2;247;255;255;48;2;247;255;255m▀[38;2;247;255;255;48;2;247;255;255m▀[38;2;247;255;255;48;2;247;255;255m▀[38;2;247;255;255;48;2;247;255;255m▀[38;2;247;255;255;48;2;247;255;255m▀[38;2;247;255;255;48;2;247;255;255m▀[38;2;156;189;255;48;2;156;189;255m▀[38;2;156;189;255;48;2;156;189;255m▀[38;2;0;0;0;48;2;0;0;0m▀[38;2;0;0;0;48;2;0;0;0m▀[38;2;173;156;49;48;2;173;156;49m▀[38;2;173;156;49;48;2;173;156;49m▀[38;2;247;247;123;48;2;247;247;123m▀[38;2;247;247;123;48;2;247;247;123m▀[38;2;0;0;0;48;2;0;0;0m▀[38;2;0;0;0;48;2;0;0;0m▀[0m [0m [0m
[0m [0m [0m [0m [0m [0m [38;2;0;0;0;48;2;0;0;0m▀[38;2;0;0;0;48;2;0;0;0m▀[38;2;173;156;49;48;2;173;156;49m▀[38;2;173;156;49;48;2;173;156;49m▀[38;2;0;0;0;48;2;0;0;0m▀[38;2;0;0;0;48;2;0;0;0m▀[38;2;156;189;255;48;2;156;189;255m▀[38;2;156;189;255;48;2;156;189;255m▀[38;2;156;189;255;48;2;156;189;255m▀[38;2;156;189;255;48;2;156;189;255m▀[38;2;156;189;255;48;2;156;189;255m▀[38;2;156;189;255;48;2;156;189;255m▀[38;2;156;189;255;48;2;156;189;255m▀[38;2;156;189;255;48;2;156;189;255m▀[38;2;0;0;0;48;2;0;0;0m▀[38;2;0;0;0;48;2;0;0;0m▀[38;2;0;0;0;48;2;0;0;0m▀[38;2;0;0;0;48;2;0;0;0m▀[38;2;247;247;123;48;2;247;247;123m▀[38;2;247;247;123;48;2;247;247;123m▀[38;2;0;0;0;48;2;0;0;0m▀[38;2;0;0;0;48;2;0;0;0m▀[0m [0m [0m [0m [0m
[0m [0m [0m [0m [0m [0m [0m [0m [38;2;0;0;0;48;2;0;0;0m▀[38;2;0;0;0;48;2;0;0;0m▀[38;2;247;255;255;48;2;247;255;255m▀[38;2;247;255;255;48;2;247;255;255m▀[38;2;247;255;255;48;2;247;255;255m▀[38;2;247;255;255;48;2;247;255;255m▀[38;2;247;255;255;48;2;247;255;255m▀[38;2;247;255;255;48;2;247;255;255m▀[38;2;247;255;255;48;2;247;255;255m▀[38;2;247;255;255;48;2;247;255;255m▀[38;2;247;255;255;48;2;247;255;255m▀[38;2;247;255;255;48;2;247;255;255m▀[38;2;156;189;255;48;2;156;189;255m▀[38;2;156;189;255;48;2;156;189;255m▀[38;2;247;255;255;48;2;247;255;255m▀[38;2;247;255;255;48;2;247;255;255m▀[38;2;0;0;0;48;2;0;0;0m▀[38;2;0;0;0;48;2;0;0;0m▀[0m [0m [0m [0m [0m [0m [0m
[0m [0m [0m [0m [0m [0m [38;2;0;0;0;48;2;0;0;0m▀[38;2;0;0;0;48;2;0;0;0m▀[38;2;247;255;255;48;2;247;255;255m▀[38;2;247;255;255;48;2;247;255;255m▀[38;2;0;0;0;48;2;0;0;0m▀[38;2;0;0;0;48;2;0;0;0m▀[38;2;247;255;255;48;2;247;255;255m▀[38;2;247;255;255;48;2;247;255;255m▀[38;2;247;255;255;48;2;247;255;255m▀[38;2;247;255;255;48;2;247;255;255m▀[38;2;247;255;255;48;2;247;255;255m▀[38;2;247;255;255;48;2;247;255;255m▀[38;2;247;255;255;48;2;247;255;255m▀[38;2;247;255;255;48;2;247;255;255m▀[38;2;247;255;255;48;2;247;255;255m▀[38;2;247;255;255;48;2;247;255;255m▀[38;2;156;189;255;48;2;156;189;255m▀[38;2;156;189;255;48;2;156;189;255m▀[38;2;247;255;255;48;2;247;255;255m▀[38;2;247;255;255;48;2;247;255;255m▀[38;2;0;0;0;48;2;0;0;0m▀[38;2;0;0;0;48;2;0;0;0m▀[0m [0m [0m [0m [0m
[0m [0m [0m [0m [0m [0m [38;2;0;0;0;48;2;0;0;0m▀[38;2;0;0;0;48;2;0;0;0m▀[38;2;0;0;0;48;2;0;0;0m▀[38;2;0;0;0;48;2;0;0;0m▀[38;2;0;0;0;48;2;0;0;0m▀[38;2;0;0;0;48;2;0;0;0m▀[38;2;247;255;255;48;2;247;255;255m▀[38;2;247;255;255;48;2;247;255;255m▀[38;2;156;189;255;48;2;156;189;255m▀[38;2;156;189;255;48;2;156;189;255m▀[38;2;0;0;0;48;2;0;0;0m▀[38;2;0;0;0;48;2;0;0;0m▀[38;2;247;255;255;48;2;247;255;255m▀[38;2;247;255;255;48;2;247;255;255m▀[38;2;156;189;255;48;2;156;189;255m▀[38;2;156;189;255;48;2;156;189;255m▀[38;2;0;0;0;48;2;0;0;0m▀[38;2;0;0;0;48;2;0;0;0m▀[38;2;0;0;0;48;2;0;0;0m▀[38;2;0;0;0;48;2;0;0;0m▀[38;2;0;0;0;48;2;0;0;0m▀[38;2;0;0;0;48;2;0;0;0m▀[0m [0m [0m [0m [0m
[0m [0m [0m [0m [0m [0m [0m [0m [0m [0m [38;2;0;0;0;48;2;0;0;0m▀[38;2;0;0;0;48;2;0;0;0m▀[38;2;0;0;0;48;2;0;0;0m▀[38;2;0;0;0;48;2;0;0;0m▀[38;2;0;0;0;48;2;0;0;0m▀[38;2;0;0;0;48;2;0;0;0m▀[0m [0m [38;2;0;0;0;48;2;0;0;0m▀[38;2;0;0;0;48;2;0;0;0m▀[38;2;0;0;0;48;2;0;0;0m▀[38;2;0;0;0;48;2;0;0;0m▀[38;2;0;0;0;48;2;0;0;0m▀[38;2;0;0;0;48;2;0;0;0m▀[0m [0m [0m [0m [0m [0m [0m [0m [0m
