[0m [0m [0m [0m [0m [0m [0m [0m [0m [0m [0m [0m [0m [0m [0m [0m [0m [0m [0m [0m [0m [0m [0m [0m [0m [0m [0m [0m [0m [0m [0m [0m [0m
[0m [0m [0m [0m [0m [0m [0m [0m [0m [0m [0m [0m [0m [0m [0m [0m [0m [0m [0m [0m [0m [0m [0m [0m [0m [0m [0m [0m [0m [0m [0m [0m [0m
[0m [0m [0m [0m [0m [0m [0m [0m [0m [0m [38;2;0;0;0;48;2;0;0;0m▀[38;2;0;0;0;48;2;0;0;0m▀[38;2;0;0;0;48;2;0;0;0m▀[38;2;0;0;0;48;2;0;0;0m▀[38;2;0;0;0;48;2;0;0;0m▀[38;2;0;0;0;48;2;0;0;0m▀[38;2;0;0;0;48;2;0;0;0m▀[38;2;0;0;0;48;2;0;0;0m▀[38;2;0;0;0;48;2;0;0;0m▀[38;2;0;0;0;48;2;0;0;0m▀[38;2;0;0;0;48;2;0;0;0m▀[38;2;0;0;0;48;2;0;0;0m▀[38;2;0;0;0;48;2;0;0;0m▀[38;2;0;0;0;48;2;0;0;0m▀[38;2;0;0;0;48;2;0;0;0m▀[38;2;0;0;0;48;2;0;0;0m▀[0m [0m [0m [0m [0m [0m [0m
[0m [0m [0m [0m [0m [0m [0m [0m [38;2;0;0;0;48;2;0;0;0m▀[38;2;0;0;0;48;2;0;0;0m▀[38;2;29;156;70;48;2;29;156;70m▀[38;2;29;156;70;48;2;29;156;70m▀[38;2;29;156;70;48;2;29;156;70m▀[38;2;29;156;70;48;2;29;156;70m▀[38;2;29;156;70;48;2;29;156;70m▀[38;2;29;156;70;48;2;29;156;70m▀[38;2;29;156;70;48;2;29;156;70m▀[38;2;29;156;70;48;2;29;156;70m▀[38;2;112;35;152;48;2;112;35;152m▀[38;2;112;35;152;48;2;112;35;152m▀[38;2;112;35;152;48;2;112;35;152m▀[38;2;112;35;152;48;2;112;35;152m▀[38;2;200;32;124;48;2;200;32;124m▀[38;2;200;32;124;48;2;200;32;124m▀[38;2;0;0;0;48;2;0;0;0m▀[38;2;0;0;0;48;2;0;0;0m▀[0m [0m [0m [0m [0m [0m [0m
[0m [0m [0m [0m [0m [0m [38;2;0;0;0;48;2;0;0;0m▀[38;2;0;0;0;48;2;0;0;0m▀[38;2;29;156;70;48;2;29;156;70m▀[38;2;29;156;70;48;2;29;156;70m▀[38;2;29;156;70;48;2;29;156;70m▀[38;2;29;156;70;48;2;29;156;70m▀[38;2;29;156;70;48;2;29;156;70m▀[38;2;29;156;70;48;2;29;156;70m▀[38;2;29;156;70;48;2;29;156;70m▀[38;2;29;156;70;48;2;29;156;70m▀[38;2;29;156;70;48;2;29;156;70m▀[38;2;29;156;70;48;2;29;156;70m▀[38;2;29;156;70;48;2;29;156;70m▀[38;2;29;156;70;48;2;29;156;70m▀[38;2;0;0;0;48;2;0;0;0m▀[38;2;0;0;0;48;2;0;0;0m▀[38;2;0;0;0;48;2;0;0;0m▀[38;2;0;0;0;48;2;0;0;0m▀[0m [0m [0m [0m [0m [0m [0m [0m [0m
[0m [0m [0m [0m [0m [0m [38;2;0;0;0;48;2;0;0;0m▀[38;2;0;0;0;48;2;0;0;0m▀[38;2;29;156;70;48;2;29;156;70m▀[38;2;29;156;70;48;2;29;156;70m▀[38;2;0;0;0;48;2;0;0;0m▀[38;2;0;0;0;48;2;0;0;0m▀[38;2;29;156;70;48;2;29;156;70m▀[38;2;29;156;70;48;2;29;156;70m▀[38;2;29;156;70;48;2;29;156;70m▀[38;2;29;156;70;48;2;29;156;70m▀[38;2;0;0;0;48;2;0;0;0m▀[38;2;0;0;0;48;2;0;0;0m▀[38;2;29;156;70;48;2;29;156;70m▀[38;2;29;156;70;48;2;29;156;70m▀[38;2;34;111;96;48;2;34;111;96m▀[38;2;34;111;96;48;2;34;111;96m▀[38;2;0;0;0;48;2;0;0;0m▀[38;2;0;0;0;48;2;0;0;0m▀[0m [0m [0m [0m [0m [0m [0m [0m [0m
[0m [0m [0m [0m [38;2;0;0;0;48;2;0;0;0m▀[38;2;0;0;0;48;2;0;0;0m▀[38;2;29;156;70;48;2;29;156;70m▀[38;2;29;156;70;48;2;29;156;70m▀[38;2;29;156;70;48;2;29;156;70m▀[38;2;29;156;70;48;2;29;156;70m▀[38;2;0;0;0;48;2;0;0;0m▀[38;2;0;0;0;48;2;0;0;0m▀[38;2;29;156;70;48;2;29;156;70m▀[38;2;29;156;70;48;2;29;156;70m▀[38;2;29;156;70;48;2;29;156;70m▀[38;2;29;156;70;48;2;29;156;70m▀[38;2;0;0;0;48;2;0;0;0m▀[38;2;0;0;0;48;2;0;0;0m▀[38;2;29;156;70;48;2;29;156;70m▀[38;2;29;156;70;48;2;29;156;70m▀[38;2;34;111;96;48;2;34;111;96m▀[38;2;34;111;96;48;2;34;111;96m▀[38;2;0;0;0;48;2;0;0;0m▀[38;2;0;0;0;48;2;0;0;0m▀[0m [0m [0m [0m [0m [0m [0m [0m [0m
[0m [0m [0m [0m [38;2;0;0;0;48;2;0;0;0m▀[38;2;0;0;0;48;2;0;0;0m▀[38;2;29;156;70;48;2;29;156;70m▀[38;2;29;156;70;48;2;29;156;70m▀[38;2;29;156;70;48;2;29;156;70m▀[38;2;29;156;70;48;2;29;156;70m▀[38;2;29;156;70;48;2;29;156;70m▀[38;2;29;156;70;48;2;29;156;70m▀[38;2;29;156;70;48;2;29;156;70m▀[38;2;29;156;70;48;2;29;156;70m▀[38;2;29;156;70;48;2;29;156;70m▀[38;2;29;156;70;48;2;29;156;70m▀[38;2;29;156;70;48;2;29;156;70m▀[38;2;29;156;70;48;2;29;156;70m▀[38;2;34;111;96;48;2;34;111;96m▀[38;2;34;111;96;48;2;34;111;96m▀[38;2;0;0;0;48;2;0;0;0m▀[38;2;0;0;0;48;2;0;0;0m▀[0m [0m [0m [0m [38;2;0;0;0;48;2;0;0;0m▀[38;2;0;0;0;48;2;0;0;0m▀[0m [0m [0m [0m [0m
[0m [0m [0m [0m [0m [0m [38;2;0;0;0;48;2;0;0;0m▀[38;2;0;0;0;48;2;0;0;0m▀[38;2;0;0;0;48;2;0;0;0m▀[38;2;0;0;0;48;2;0;0;0m▀[38;2;0;0;0;48;2;0;0;0m▀[38;2;0;0;0;48;2;0;0;0m▀[38;2;0;0;0;48;2;0;0;0m▀[38;2;0;0;0;48;2;0;0;0m▀[38;2;0;0;0;48;2;0;0;0m▀[38;2;0;0;0;48;2;0;0;0m▀[38;2;0;0;0;48;2;0;0;0m▀[38;2;0;0;0;48;2;0;0;0m▀[38;2;0;0;0;48;2;0;0;0m▀[38;2;0;0;0;48;2;0;0;0m▀[38;2;0;0;0;48;2;0;0;0m▀[38;2;0;0;0;48;2;0;0;0m▀[0m [0m [38;2;0;0;0;48;2;0;0;0m▀[38;2;0;0;0;48;2;0;0;0m▀[38;2;29;156;70;48;2;29;156;70m▀[38;2;29;156;70;48;2;29;156;70m▀[38;2;0;0;0;48;2;0;0;0m▀[38;2;0;0;0;48;2;0;0;0m▀[0m [0m [0m
[0m [0m [0m [0m [0m [0m [0m [0m [0m [0m [38;2;0;0;0;48;2;0;0;0m▀[38;2;0;0;0;48;2;0;0;0m▀[38;2;34;111;96;48;2;34;111;96m▀[38;2;34;111;96;48;2;34;111;96m▀[38;2;34;111;96;48;2;34;111;96m▀[38;2;34;111;96;48;2;34;111;96m▀[38;2;34;111;96;48;2;34;111;96m▀[38;2;34;111;96;48;2;34;111;96m▀[38;2;0;0;0;48;2;0;0;0m▀[38;2;0;0;0;48;2;0;0;0m▀[38;2;0;0;0;48;2;0;0;0m▀[38;2;0;0;0;48;2;0;0;0m▀[38;2;0;0;0;48;2;0;0;0m▀[38;2;0;0;0;48;2;0;0;0m▀[38;2;0;0;0;48;2;0;0;0m▀[38;2;0;0;0;48;2;0;0;0m▀[38;2;0;0;0;48;2;0;0;0m▀[38;2;0;0;0;48;2;0;0;0m▀[38;2;0;0;0;48;2;0;0;0m▀[38;2;0;0;0;48;2;0;0;0m▀[0m [0m [0m
[0m [0m [0m [0m [0m [0m [0m [0m [38;2;0;0;0;48;2;0;0;0m▀[38;2;0;0;0;48;2;0;0;0m▀[38;2;29;156;70;48;2;29;156;70m▀[38;2;29;156;70;48;2;29;156;70m▀[38;2;29;156;70;48;2;29;156;70m▀[38;2;29;156;70;48;2;29;156;70m▀[38;2;29;156;70;48;2;29;156;70m▀[38;2;29;156;70;48;2;29;156;70m▀[38;2;29;156;70;48;2;29;156;70m▀[38;2;29;156;70;48;2;29;156;70m▀[38;2;34;111;96;48;2;34;111;96m▀[38;2;34;111;96;48;2;34;111;96m▀[38;2;0;0;0;48;2;0;0;0m▀[38;2;0;0;0;48;2;0;0;0m▀[0m [0m [0m [0m [0m [0m [38;2;0;0;0;48;2;0;0;0m▀[38;2;0;0;0;48;2;0;0;0m▀[0m [0m [0m
[0m [0m [0m [0m [0m [0m [0m [0m [38;2;0;0;0;48;2;0;0;0m▀[38;2;0;0;0;48;2;0;0;0m▀[38;2;29;156;70;48;2;29;156;70m▀[38;2;29;156;70;48;2;29;156;70m▀[38;2;29;156;70;48;2;29;156;70m▀[38;2;29;156;70;48;2;29;156;70m▀[38;2;29;156;70;48;2;29;156;70m▀[38;2;29;156;70;48;2;29;156;70m▀[38;2;29;156;70;48;2;29;156;70m▀[38;2;29;156;70;48;2;29;156;70m▀[38;2;29;156;70;48;2;29;156;70m▀[38;2;29;156;70;48;2;29;156;70m▀[38;2;0;0;0;48;2;0;0;0m▀[38;2;0;0;0;48;2;0;0;0m▀[38;2;0;0;0;48;2;0;0;0m▀[38;2;0;0;0;48;2;0;0;0m▀[0m [0m [0m [0m [0m [0m [0m [0m [0m
[0m [0m [0m [0m [0m [0m [0m [0m [0m [0m [38;2;0;0;0;48;2;0;0;0m▀[38;2;0;0;0;48;2;0;0;0m▀[38;2;29;156;70;48;2;29;156;70m▀[38;2;29;156;70;48;2;29;156;70m▀[38;2;29;156;70;48;2;29;156;70m▀[38;2;29;156;70;48;2;29;156;70m▀[38;2;29;156;70;48;2;29;156;70m▀[38;2;29;156;70;48;2;29;156;70m▀[38;2;29;156;70;48;2;29;156;70m▀[38;2;29;156;70;48;2;29;156;70m▀[38;2;29;156;70;48;2;29;156;70m▀[38;2;29;156;70;48;2;29;156;70m▀[38;2;56;141;114;48;2;56;141;114m▀[38;2;56;141;114;48;2;56;141;114m▀[38;2;0;0;0;48;2;0;0;0m▀[38;2;0;0;0;48;2;0;0;0m▀[38;2;0;0;0;48;2;0;0;0m▀[38;2;0;0;0;48;2;0;0;0m▀[0m [0m [0m [0m [0m
[0m [0m [0m [0m [0m [0m [0m [0m [0m [0m [0m [0m [38;2;0;0;0;48;2;0;0;0m▀[38;2;0;0;0;48;2;0;0;0m▀[38;2;0;0;0;48;2;0;0;0m▀[38;2;0;0;0;48;2;0;0;0m▀[38;2;0;0;0;48;2;0;0;0m▀[38;2;0;0;0;48;2;0;0;0m▀[38;2;0;0;0;48;2;0;0;0m▀[38;2;0;0;0;48;2;0;0;0m▀[38;2;0;0;0;48;2;0;0;0m▀[38;2;0;0;0;48;2;0;0;0m▀[38;2;0;0;0;48;2;0;0;0m▀[38;2;0;0;0;48;2;0;0;0m▀[38;2;0;0;0;48;2;0;0;0m▀[38;2;0;0;0;48;2;0;0;0m▀[0m [0m [0m [0m [0m [0m [0m
[0m [0m [0m [0m [0m [0m [0m [0m [0m [0m [0m [0m [0m [0m [0m [0m [0m [0m [0m [0m [0m [0m [0m [0m [0m [0m [0m [0m [0m [0m [0m [0m [0m
[0m [0m [0m [0m [0m [0m [0m [0m [0m [0m [38;2;0;0;0;48;2;0;0;0m▀[38;2;0;0;0;48;2;0;0;0m▀[38;2;0;0;0;48;2;0;0;0m▀[38;2;0;0;0;48;2;0;0;0m▀[38;2;0;0;0;48;2;0;0;0m▀[38;2;0;0;0;48;2;0;0;0m▀[38;2;0;0;0;48;2;0;0;0m▀[38;2;0;0;0;48;2;0;0;0m▀[38;2;0;0;0;48;2;0;0;0m▀[38;2;0;0;0;48;2;0;0;0m▀[38;2;0;0;0;48;2;0;0;0m▀[38;2;0;0;0;48;2;0;0;0m▀[0m [0m [0m [0m [0m [0m [0m [0m [0m [0m [0m
