[0m [0m [0m [0m [0m [0m [0m [0m [0m [0m [0m [0m [0m [0m [0m [0m [38;2;0;0;0;48;2;0;0;0m▀[38;2;0;0;0;48;2;0;0;0m▀[38;2;0;0;0;48;2;0;0;0m▀[38;2;0;0;0;48;2;0;0;0m▀[38;2;0;0;0;48;2;0;0;0m▀[38;2;0;0;0;48;2;0;0;0m▀[38;2;0;0;0;48;2;0;0;0m▀[38;2;0;0;0;48;2;0;0;0m▀[38;2;0;0;0;48;2;0;0;0m▀[38;2;0;0;0;48;2;0;0;0m▀[0m [0m [0m [0m [0m [0m [0m
[0m [0m [0m [0m [0m [0m [0m [0m [0m [0m [0m [0m [0m [0m [0m [0m [38;2;0;0;0;48;2;0;0;0m▀[38;2;0;0;0;48;2;0;0;0m▀[38;2;165;74;255;48;2;165;74;255m▀[38;2;165;74;255;48;2;165;74;255m▀[38;2;165;74;255;48;2;165;74;255m▀[38;2;165;74;255;48;2;165;74;255m▀[38;2;165;74;255;48;2;165;74;255m▀[38;2;165;74;255;48;2;165;74;255m▀[38;2;123;0;247;48;2;123;0;247m▀[38;2;123;0;247;48;2;123;0;247m▀[38;2;0;0;0;48;2;0;0;0m▀[38;2;0;0;0;48;2;0;0;0m▀[0m [0m [0m [0m [0m
[0m [0m [0m [0m [0m [0m [0m [0m [0m [0m [0m [0m [0m [0m [0m [0m [0m [0m [38;2;0;0;0;48;2;0;0;0m▀[38;2;0;0;0;48;2;0;0;0m▀[38;2;0;0;0;48;2;0;0;0m▀[38;2;0;0;0;48;2;0;0;0m▀[38;2;165;74;255;48;2;165;74;255m▀[38;2;165;74;255;48;2;165;74;255m▀[38;2;123;0;247;48;2;123;0;247m▀[38;2;123;0;247;48;2;123;0;247m▀[38;2;0;0;0;48;2;0;0;0m▀[38;2;0;0;0;48;2;0;0;0m▀[0m [0m [0m [0m [0m
[0m [0m [0m [0m [0m [0m [0m [0m [0m [0m [0m [0m [0m [0m [0m [0m [0m [0m [0m [0m [38;2;0;0;0;48;2;0;0;0m▀[38;2;0;0;0;48;2;0;0;0m▀[38;2;165;33;33;48;2;165;33;33m▀[38;2;165;33;33;48;2;165;33;33m▀[38;2;0;0;0;48;2;0;0;0m▀[38;2;0;0;0;48;2;0;0;0m▀[0m [0m [0m [0m [0m [0m [0m
[0m [0m [0m [0m [0m [0m [0m [0m [38;2;0;0;0;48;2;0;0;0m▀[38;2;0;0;0;48;2;0;0;0m▀[38;2;0;0;0;48;2;0;0;0m▀[38;2;0;0;0;48;2;0;0;0m▀[0m [0m [38;2;0;0;0;48;2;0;0;0m▀[38;2;0;0;0;48;2;0;0;0m▀[38;2;0;0;0;48;2;0;0;0m▀[38;2;0;0;0;48;2;0;0;0m▀[38;2;0;0;0;48;2;0;0;0m▀[38;2;0;0;0;48;2;0;0;0m▀[38;2;165;33;33;48;2;165;33;33m▀[38;2;165;33;33;48;2;165;33;33m▀[38;2;165;33;33;48;2;165;33;33m▀[38;2;165;33;33;48;2;165;33;33m▀[38;2;0;0;0;48;2;0;0;0m▀[38;2;0;0;0;48;2;0;0;0m▀[0m [0m [0m [0m [0m [0m [0m
[0m [0m [0m [0m [0m [0m [38;2;0;0;0;48;2;0;0;0m▀[38;2;0;0;0;48;2;0;0;0m▀[38;2;248;248;248;48;2;248;248;248m▀[38;2;248;248;248;48;2;248;248;248m▀[38;2;248;248;248;48;2;248;248;248m▀[38;2;248;248;248;48;2;248;248;248m▀[38;2;0;0;0;48;2;0;0;0m▀[38;2;0;0;0;48;2;0;0;0m▀[38;2;248;248;248;48;2;248;248;248m▀[38;2;248;248;248;48;2;248;248;248m▀[38;2;248;248;248;48;2;248;248;248m▀[38;2;248;248;248;48;2;248;248;248m▀[38;2;0;0;0;48;2;0;0;0m▀[38;2;0;0;0;48;2;0;0;0m▀[38;2;165;33;33;48;2;165;33;33m▀[38;2;165;33;33;48;2;165;33;33m▀[38;2;0;0;0;48;2;0;0;0m▀[38;2;0;0;0;48;2;0;0;0m▀[0m [0m [0m [0m [0m [0m [0m [0m [0m
[0m [0m [0m [0m [0m [0m [38;2;0;0;0;48;2;0;0;0m▀[38;2;0;0;0;48;2;0;0;0m▀[38;2;0;0;0;48;2;0;0;0m▀[38;2;0;0;0;48;2;0;0;0m▀[38;2;248;248;248;48;2;248;248;248m▀[38;2;248;248;248;48;2;248;248;248m▀[38;2;0;0;0;48;2;0;0;0m▀[38;2;0;0;0;48;2;0;0;0m▀[38;2;0;0;0;48;2;0;0;0m▀[38;2;0;0;0;48;2;0;0;0m▀[38;2;248;248;248;48;2;248;248;248m▀[38;2;248;248;248;48;2;248;248;248m▀[38;2;0;0;0;48;2;0;0;0m▀[38;2;0;0;0;48;2;0;0;0m▀[38;2;0;0;0;48;2;0;0;0m▀[38;2;0;0;0;48;2;0;0;0m▀[0m [0m [0m [0m [0m [0m [0m [0m [0m [0m [0m
[0m [0m [0m [0m [38;2;0;0;0;48;2;0;0;0m▀[38;2;0;0;0;48;2;0;0;0m▀[38;2;0;0;0;48;2;0;0;0m▀[38;2;0;0;0;48;2;0;0;0m▀[38;2;0;0;0;48;2;0;0;0m▀[38;2;0;0;0;48;2;0;0;0m▀[38;2;248;248;248;48;2;248;248;248m▀[38;2;248;248;248;48;2;248;248;248m▀[38;2;0;0;0;48;2;0;0;0m▀[38;2;0;0;0;48;2;0;0;0m▀[38;2;0;0;0;48;2;0;0;0m▀[38;2;0;0;0;48;2;0;0;0m▀[38;2;248;248;248;48;2;248;248;248m▀[38;2;248;248;248;48;2;248;248;248m▀[38;2;216;80;0;48;2;216;80;0m▀[38;2;216;80;0;48;2;216;80;0m▀[38;2;0;0;0;48;2;0;0;0m▀[38;2;0;0;0;48;2;0;0;0m▀[38;2;0;0;0;48;2;0;0;0m▀[38;2;0;0;0;48;2;0;0;0m▀[0m [0m [0m [0m [0m [0m [0m [0m [0m
[0m [0m [38;2;0;0;0;48;2;0;0;0m▀[38;2;0;0;0;48;2;0;0;0m▀[38;2;246;97;46;48;2;246;97;46m▀[38;2;246;97;46;48;2;246;97;46m▀[38;2;246;97;46;48;2;246;97;46m▀[38;2;246;97;46;48;2;246;97;46m▀[38;2;246;97;46;48;2;246;97;46m▀[38;2;246;97;46;48;2;246;97;46m▀[38;2;246;97;46;48;2;246;97;46m▀[38;2;246;97;46;48;2;246;97;46m▀[38;2;246;97;46;48;2;246;97;46m▀[38;2;246;97;46;48;2;246;97;46m▀[38;2;246;97;46;48;2;246;97;46m▀[38;2;246;97;46;48;2;246;97;46m▀[38;2;160;0;0;48;2;160;0;0m▀[38;2;160;0;0;48;2;160;0;0m▀[38;2;160;0;0;48;2;160;0;0m▀[38;2;160;0;0;48;2;160;0;0m▀[38;2;222;57;57;48;2;222;57;57m▀[38;2;222;57;57;48;2;222;57;57m▀[38;2;0;0;0;48;2;0;0;0m▀[38;2;0;0;0;48;2;0;0;0m▀[38;2;0;0;0;48;2;0;0;0m▀[38;2;0;0;0;48;2;0;0;0m▀[0m [0m [0m [0m [0m [0m [0m
[38;2;0;0;0;48;2;0;0;0m▀[38;2;0;0;0;48;2;0;0;0m▀[38;2;246;97;46;48;2;246;97;46m▀[38;2;246;97;46;48;2;246;97;46m▀[38;2;246;97;46;48;2;246;97;46m▀[38;2;246;97;46;48;2;246;97;46m▀[38;2;246;97;46;48;2;246;97;46m▀[38;2;246;97;46;48;2;246;97;46m▀[38;2;246;97;46;48;2;246;97;46m▀[38;2;246;97;46;48;2;246;97;46m▀[38;2;222;57;57;48;2;222;57;57m▀[38;2;222;57;57;48;2;222;57;57m▀[38;2;222;57;57;48;2;222;57;57m▀[38;2;222;57;57;48;2;222;57;57m▀[38;2;222;57;57;48;2;222;57;57m▀[38;2;222;57;57;48;2;222;57;57m▀[38;2;160;0;0;48;2;160;0;0m▀[38;2;160;0;0;48;2;160;0;0m▀[38;2;160;0;0;48;2;160;0;0m▀[38;2;160;0;0;48;2;160;0;0m▀[38;2;222;57;57;48;2;222;57;57m▀[38;2;222;57;57;48;2;222;57;57m▀[38;2;0;0;0;48;2;0;0;0m▀[38;2;0;0;0;48;2;0;0;0m▀[38;2;165;33;33;48;2;165;33;33m▀[38;2;165;33;33;48;2;165;33;33m▀[38;2;0;0;0;48;2;0;0;0m▀[38;2;0;0;0;48;2;0;0;0m▀[0m [0m [0m [0m [0m
[0m [0m [38;2;0;0;0;48;2;0;0;0m▀[38;2;0;0;0;48;2;0;0;0m▀[38;2;0;0;0;48;2;0;0;0m▀[38;2;0;0;0;48;2;0;0;0m▀[38;2;0;0;0;48;2;0;0;0m▀[38;2;0;0;0;48;2;0;0;0m▀[38;2;0;0;0;48;2;0;0;0m▀[38;2;0;0;0;48;2;0;0;0m▀[38;2;0;0;0;48;2;0;0;0m▀[38;2;0;0;0;48;2;0;0;0m▀[38;2;0;0;0;48;2;0;0;0m▀[38;2;0;0;0;48;2;0;0;0m▀[38;2;222;57;57;48;2;222;57;57m▀[38;2;222;57;57;48;2;222;57;57m▀[38;2;222;57;57;48;2;222;57;57m▀[38;2;222;57;57;48;2;222;57;57m▀[38;2;222;57;57;48;2;222;57;57m▀[38;2;222;57;57;48;2;222;57;57m▀[38;2;222;57;57;48;2;222;57;57m▀[38;2;222;57;57;48;2;222;57;57m▀[38;2;165;33;33;48;2;165;33;33m▀[38;2;165;33;33;48;2;165;33;33m▀[38;2;0;0;0;48;2;0;0;0m▀[38;2;0;0;0;48;2;0;0;0m▀[38;2;0;0;0;48;2;0;0;0m▀[38;2;0;0;0;48;2;0;0;0m▀[38;2;0;0;0;48;2;0;0;0m▀[38;2;0;0;0;48;2;0;0;0m▀[0m [0m [0m
[0m [0m [0m [0m [38;2;0;0;0;48;2;0;0;0m▀[38;2;0;0;0;48;2;0;0;0m▀[38;2;248;248;248;48;2;248;248;248m▀[38;2;248;248;248;48;2;248;248;248m▀[38;2;239;214;107;48;2;239;214;107m▀[38;2;239;214;107;48;2;239;214;107m▀[38;2;239;198;41;48;2;239;198;41m▀[38;2;239;198;41;48;2;239;198;41m▀[38;2;239;198;41;48;2;239;198;41m▀[38;2;239;198;41;48;2;239;198;41m▀[38;2;0;0;0;48;2;0;0;0m▀[38;2;0;0;0;48;2;0;0;0m▀[38;2;222;57;57;48;2;222;57;57m▀[38;2;222;57;57;48;2;222;57;57m▀[38;2;222;57;57;48;2;222;57;57m▀[38;2;222;57;57;48;2;222;57;57m▀[38;2;222;57;57;48;2;222;57;57m▀[38;2;222;57;57;48;2;222;57;57m▀[38;2;165;33;33;48;2;165;33;33m▀[38;2;165;33;33;48;2;165;33;33m▀[38;2;0;0;0;48;2;0;0;0m▀[38;2;0;0;0;48;2;0;0;0m▀[38;2;165;33;33;48;2;165;33;33m▀[38;2;165;33;33;48;2;165;33;33m▀[38;2;0;0;0;48;2;0;0;0m▀[38;2;0;0;0;48;2;0;0;0m▀[0m [0m [0m
[0m [0m [0m [0m [0m [0m [38;2;0;0;0;48;2;0;0;0m▀[38;2;0;0;0;48;2;0;0;0m▀[38;2;248;248;248;48;2;248;248;248m▀[38;2;248;248;248;48;2;248;248;248m▀[38;2;239;214;107;48;2;239;214;107m▀[38;2;239;214;107;48;2;239;214;107m▀[38;2;239;214;107;48;2;239;214;107m▀[38;2;239;214;107;48;2;239;214;107m▀[38;2;239;198;41;48;2;239;198;41m▀[38;2;239;198;41;48;2;239;198;41m▀[38;2;0;0;0;48;2;0;0;0m▀[38;2;0;0;0;48;2;0;0;0m▀[38;2;222;57;57;48;2;222;57;57m▀[38;2;222;57;57;48;2;222;57;57m▀[38;2;222;57;57;48;2;222;57;57m▀[38;2;222;57;57;48;2;222;57;57m▀[38;2;165;33;33;48;2;165;33;33m▀[38;2;165;33;33;48;2;165;33;33m▀[38;2;165;33;33;48;2;165;33;33m▀[38;2;165;33;33;48;2;165;33;33m▀[38;2;0;0;0;48;2;0;0;0m▀[38;2;0;0;0;48;2;0;0;0m▀[38;2;0;0;0;48;2;0;0;0m▀[38;2;0;0;0;48;2;0;0;0m▀[0m [0m [0m
[0m [0m [0m [0m [0m [0m [38;2;0;0;0;48;2;0;0;0m▀[38;2;0;0;0;48;2;0;0;0m▀[38;2;248;248;248;48;2;248;248;248m▀[38;2;248;248;248;48;2;248;248;248m▀[38;2;248;248;248;48;2;248;248;248m▀[38;2;248;248;248;48;2;248;248;248m▀[38;2;239;214;107;48;2;239;214;107m▀[38;2;239;214;107;48;2;239;214;107m▀[38;2;0;0;0;48;2;0;0;0m▀[38;2;0;0;0;48;2;0;0;0m▀[38;2;0;0;0;48;2;0;0;0m▀[38;2;0;0;0;48;2;0;0;0m▀[38;2;222;57;57;48;2;222;57;57m▀[38;2;222;57;57;48;2;222;57;57m▀[38;2;165;33;33;48;2;165;33;33m▀[38;2;165;33;33;48;2;165;33;33m▀[38;2;0;0;0;48;2;0;0;0m▀[38;2;0;0;0;48;2;0;0;0m▀[38;2;0;0;0;48;2;0;0;0m▀[38;2;0;0;0;48;2;0;0;0m▀[38;2;222;57;57;48;2;222;57;57m▀[38;2;222;57;57;48;2;222;57;57m▀[38;2;165;33;33;48;2;165;33;33m▀[38;2;165;33;33;48;2;165;33;33m▀[38;2;0;0;0;48;2;0;0;0m▀[38;2;0;0;0;48;2;0;0;0m▀[0m
[0m [0m [0m [0m [38;2;0;0;0;48;2;0;0;0m▀[38;2;0;0;0;48;2;0;0;0m▀[38;2;222;57;57;48;2;222;57;57m▀[38;2;222;57;57;48;2;222;57;57m▀[38;2;0;0;0;48;2;0;0;0m▀[38;2;0;0;0;48;2;0;0;0m▀[38;2;0;0;0;48;2;0;0;0m▀[38;2;0;0;0;48;2;0;0;0m▀[38;2;0;0;0;48;2;0;0;0m▀[38;2;0;0;0;48;2;0;0;0m▀[38;2;222;57;57;48;2;222;57;57m▀[38;2;222;57;57;48;2;222;57;57m▀[38;2;222;57;57;48;2;222;57;57m▀[38;2;222;57;57;48;2;222;57;57m▀[38;2;165;33;33;48;2;165;33;33m▀[38;2;165;33;33;48;2;165;33;33m▀[38;2;0;0;0;48;2;0;0;0m▀[38;2;0;0;0;48;2;0;0;0m▀[38;2;222;57;57;48;2;222;57;57m▀[38;2;222;57;57;48;2;222;57;57m▀[38;2;222;57;57;48;2;222;57;57m▀[38;2;222;57;57;48;2;222;57;57m▀[38;2;165;33;33;48;2;165;33;33m▀[38;2;165;33;33;48;2;165;33;33m▀[38;2;165;33;33;48;2;165;33;33m▀[38;2;165;33;33;48;2;165;33;33m▀[38;2;0;0;0;48;2;0;0;0m▀[38;2;0;0;0;48;2;0;0;0m▀[0m
[0m [0m [0m [0m [38;2;0;0;0;48;2;0;0;0m▀[38;2;0;0;0;48;2;0;0;0m▀[38;2;0;0;0;48;2;0;0;0m▀[38;2;0;0;0;48;2;0;0;0m▀[38;2;0;0;0;48;2;0;0;0m▀[38;2;0;0;0;48;2;0;0;0m▀[0m [0m [38;2;0;0;0;48;2;0;0;0m▀[38;2;0;0;0;48;2;0;0;0m▀[38;2;0;0;0;48;2;0;0;0m▀[38;2;0;0;0;48;2;0;0;0m▀[38;2;0;0;0;48;2;0;0;0m▀[38;2;0;0;0;48;2;0;0;0m▀[38;2;0;0;0;48;2;0;0;0m▀[38;2;0;0;0;48;2;0;0;0m▀[0m [0m [38;2;0;0;0;48;2;0;0;0m▀[38;2;0;0;0;48;2;0;0;0m▀[38;2;0;0;0;48;2;0;0;0m▀[38;2;0;0;0;48;2;0;0;0m▀[38;2;0;0;0;48;2;0;0;0m▀[38;2;0;0;0;48;2;0;0;0m▀[38;2;0;0;0;48;2;0;0;0m▀[38;2;0;0;0;48;2;0;0;0m▀[38;2;0;0;0;48;2;0;0;0m▀[38;2;0;0;0;48;2;0;0;0m▀[0m
