[0m [0m [0m [0m [0m [0m [0m [0m [0m [0m [0m [0m [0m [0m [0m [0m [0m [0m [0m [0m [0m [0m [0m [0m [38;2;0;0;0;48;2;0;0;0m▀[38;2;0;0;0;48;2;0;0;0m▀[0m [0m [0m [0m [0m [0m [0m
[0m [0m [0m [0m [0m [0m [0m [0m [0m [0m [0m [0m [38;2;0;0;0;48;2;0;0;0m▀[38;2;0;0;0;48;2;0;0;0m▀[38;2;0;0;0;48;2;0;0;0m▀[38;2;0;0;0;48;2;0;0;0m▀[38;2;0;0;0;48;2;0;0;0m▀[38;2;0;0;0;48;2;0;0;0m▀[38;2;0;0;0;48;2;0;0;0m▀[38;2;0;0;0;48;2;0;0;0m▀[38;2;0;0;0;48;2;0;0;0m▀[38;2;0;0;0;48;2;0;0;0m▀[38;2;0;0;0;48;2;0;0;0m▀[38;2;0;0;0;48;2;0;0;0m▀[38;2;0;0;0;48;2;0;0;0m▀[38;2;0;0;0;48;2;0;0;0m▀[0m [0m [0m [0m [0m [0m [0m
[0m [0m [0m [0m [0m [0m [0m [0m [0m [0m [38;2;0;0;0;48;2;0;0;0m▀[38;2;0;0;0;48;2;0;0;0m▀[38;2;255;132;24;48;2;255;132;24m▀[38;2;255;132;24;48;2;255;132;24m▀[38;2;255;132;24;48;2;255;132;24m▀[38;2;255;132;24;48;2;255;132;24m▀[38;2;255;132;24;48;2;255;132;24m▀[38;2;255;132;24;48;2;255;132;24m▀[38;2;255;132;24;48;2;255;132;24m▀[38;2;255;132;24;48;2;255;132;24m▀[38;2;255;132;24;48;2;255;132;24m▀[38;2;255;132;24;48;2;255;132;24m▀[38;2;255;132;24;48;2;255;132;24m▀[38;2;255;132;24;48;2;255;132;24m▀[38;2;0;0;0;48;2;0;0;0m▀[38;2;0;0;0;48;2;0;0;0m▀[0m [0m [0m [0m [0m [0m [0m
[0m [0m [0m [0m [0m [0m [0m [0m [38;2;0;0;0;48;2;0;0;0m▀[38;2;0;0;0;48;2;0;0;0m▀[38;2;255;132;24;48;2;255;132;24m▀[38;2;255;132;24;48;2;255;132;24m▀[38;2;255;132;24;48;2;255;132;24m▀[38;2;255;132;24;48;2;255;132;24m▀[38;2;255;132;24;48;2;255;132;24m▀[38;2;255;132;24;48;2;255;132;24m▀[38;2;255;214;0;48;2;255;214;0m▀[38;2;255;214;0;48;2;255;214;0m▀[38;2;255;214;0;48;2;255;214;0m▀[38;2;255;214;0;48;2;255;214;0m▀[38;2;255;132;24;48;2;255;132;24m▀[38;2;255;132;24;48;2;255;132;24m▀[38;2;0;0;0;48;2;0;0;0m▀[38;2;0;0;0;48;2;0;0;0m▀[0m [0m [0m [0m [0m [0m [0m [0m [0m
[0m [0m [0m [0m [0m [0m [0m [0m [38;2;0;0;0;48;2;0;0;0m▀[38;2;0;0;0;48;2;0;0;0m▀[38;2;255;132;24;48;2;255;132;24m▀[38;2;255;132;24;48;2;255;132;24m▀[38;2;255;132;24;48;2;255;132;24m▀[38;2;255;132;24;48;2;255;132;24m▀[38;2;255;255;255;48;2;255;255;255m▀[38;2;255;255;255;48;2;255;255;255m▀[38;2;255;214;0;48;2;255;214;0m▀[38;2;255;214;0;48;2;255;214;0m▀[38;2;255;132;24;48;2;255;132;24m▀[38;2;255;132;24;48;2;255;132;24m▀[38;2;255;132;24;48;2;255;132;24m▀[38;2;255;132;24;48;2;255;132;24m▀[38;2;239;107;0;48;2;239;107;0m▀[38;2;239;107;0;48;2;239;107;0m▀[38;2;0;0;0;48;2;0;0;0m▀[38;2;0;0;0;48;2;0;0;0m▀[0m [0m [0m [0m [0m [0m [0m
[0m [0m [0m [0m [0m [0m [0m [0m [38;2;0;0;0;48;2;0;0;0m▀[38;2;0;0;0;48;2;0;0;0m▀[38;2;255;132;24;48;2;255;132;24m▀[38;2;255;132;24;48;2;255;132;24m▀[38;2;239;107;0;48;2;239;107;0m▀[38;2;239;107;0;48;2;239;107;0m▀[38;2;255;214;0;48;2;255;214;0m▀[38;2;255;214;0;48;2;255;214;0m▀[38;2;255;214;0;48;2;255;214;0m▀[38;2;255;214;0;48;2;255;214;0m▀[38;2;239;107;0;48;2;239;107;0m▀[38;2;239;107;0;48;2;239;107;0m▀[38;2;239;107;0;48;2;239;107;0m▀[38;2;239;107;0;48;2;239;107;0m▀[38;2;0;0;0;48;2;0;0;0m▀[38;2;0;0;0;48;2;0;0;0m▀[0m [0m [0m [0m [0m [0m [0m [0m [0m
[0m [0m [0m [0m [0m [0m [0m [0m [0m [0m [38;2;0;0;0;48;2;0;0;0m▀[38;2;0;0;0;48;2;0;0;0m▀[38;2;239;107;0;48;2;239;107;0m▀[38;2;239;107;0;48;2;239;107;0m▀[38;2;239;107;0;48;2;239;107;0m▀[38;2;239;107;0;48;2;239;107;0m▀[38;2;239;107;0;48;2;239;107;0m▀[38;2;239;107;0;48;2;239;107;0m▀[38;2;239;107;0;48;2;239;107;0m▀[38;2;239;107;0;48;2;239;107;0m▀[38;2;0;0;0;48;2;0;0;0m▀[38;2;0;0;0;48;2;0;0;0m▀[0m [0m [0m [0m [0m [0m [0m [0m [0m [0m [0m
[0m [0m [0m [0m [0m [0m [0m [0m [38;2;0;0;0;48;2;0;0;0m▀[38;2;0;0;0;48;2;0;0;0m▀[38;2;0;0;0;48;2;0;0;0m▀[38;2;0;0;0;48;2;0;0;0m▀[38;2;0;0;0;48;2;0;0;0m▀[38;2;0;0;0;48;2;0;0;0m▀[38;2;0;0;0;48;2;0;0;0m▀[38;2;0;0;0;48;2;0;0;0m▀[38;2;0;0;0;48;2;0;0;0m▀[38;2;0;0;0;48;2;0;0;0m▀[38;2;0;0;0;48;2;0;0;0m▀[38;2;0;0;0;48;2;0;0;0m▀[38;2;0;0;0;48;2;0;0;0m▀[38;2;0;0;0;48;2;0;0;0m▀[38;2;0;0;0;48;2;0;0;0m▀[38;2;0;0;0;48;2;0;0;0m▀[0m [0m [0m [0m [0m [0m [0m [0m [0m
[0m [0m [0m [0m [0m [0m [38;2;0;0;0;48;2;0;0;0m▀[38;2;0;0;0;48;2;0;0;0m▀[38;2;239;247;239;48;2;239;247;239m▀[38;2;239;247;239;48;2;239;247;239m▀[38;2;239;247;239;48;2;239;247;239m▀[38;2;239;247;239;48;2;239;247;239m▀[38;2;239;247;239;48;2;239;247;239m▀[38;2;239;247;239;48;2;239;247;239m▀[38;2;239;247;239;48;2;239;247;239m▀[38;2;239;247;239;48;2;239;247;239m▀[38;2;239;247;239;48;2;239;247;239m▀[38;2;239;247;239;48;2;239;247;239m▀[38;2;239;247;239;48;2;239;247;239m▀[38;2;239;247;239;48;2;239;247;239m▀[38;2;239;247;239;48;2;239;247;239m▀[38;2;239;247;239;48;2;239;247;239m▀[38;2;198;231;231;48;2;198;231;231m▀[38;2;198;231;231;48;2;198;231;231m▀[38;2;0;0;0;48;2;0;0;0m▀[38;2;0;0;0;48;2;0;0;0m▀[0m [0m [0m [0m [0m [0m [0m
[0m [0m [0m [0m [0m [0m [38;2;0;0;0;48;2;0;0;0m▀[38;2;0;0;0;48;2;0;0;0m▀[38;2;239;247;239;48;2;239;247;239m▀[38;2;239;247;239;48;2;239;247;239m▀[38;2;239;0;0;48;2;239;0;0m▀[38;2;239;0;0;48;2;239;0;0m▀[38;2;239;247;239;48;2;239;247;239m▀[38;2;239;247;239;48;2;239;247;239m▀[38;2;239;247;239;48;2;239;247;239m▀[38;2;239;247;239;48;2;239;247;239m▀[38;2;239;0;0;48;2;239;0;0m▀[38;2;239;0;0;48;2;239;0;0m▀[38;2;239;247;239;48;2;239;247;239m▀[38;2;239;247;239;48;2;239;247;239m▀[38;2;239;247;239;48;2;239;247;239m▀[38;2;239;247;239;48;2;239;247;239m▀[38;2;198;231;231;48;2;198;231;231m▀[38;2;198;231;231;48;2;198;231;231m▀[38;2;0;0;0;48;2;0;0;0m▀[38;2;0;0;0;48;2;0;0;0m▀[0m [0m [0m [0m [0m [0m [0m
[0m [0m [0m [0m [0m [0m [38;2;0;0;0;48;2;0;0;0m▀[38;2;0;0;0;48;2;0;0;0m▀[38;2;239;247;239;48;2;239;247;239m▀[38;2;239;247;239;48;2;239;247;239m▀[38;2;239;0;0;48;2;239;0;0m▀[38;2;239;0;0;48;2;239;0;0m▀[38;2;239;247;239;48;2;239;247;239m▀[38;2;239;247;239;48;2;239;247;239m▀[38;2;239;247;239;48;2;239;247;239m▀[38;2;239;247;239;48;2;239;247;239m▀[38;2;239;0;0;48;2;239;0;0m▀[38;2;239;0;0;48;2;239;0;0m▀[38;2;239;247;239;48;2;239;247;239m▀[38;2;239;247;239;48;2;239;247;239m▀[38;2;198;231;231;48;2;198;231;231m▀[38;2;198;231;231;48;2;198;231;231m▀[38;2;198;231;231;48;2;198;231;231m▀[38;2;198;231;231;48;2;198;231;231m▀[38;2;0;0;0;48;2;0;0;0m▀[38;2;0;0;0;48;2;0;0;0m▀[0m [0m [0m [0m [0m [0m [0m
[0m [0m [0m [0m [0m [0m [0m [0m [38;2;0;0;0;48;2;0;0;0m▀[38;2;0;0;0;48;2;0;0;0m▀[38;2;239;247;239;48;2;239;247;239m▀[38;2;239;247;239;48;2;239;247;239m▀[38;2;239;247;239;48;2;239;247;239m▀[38;2;239;247;239;48;2;239;247;239m▀[38;2;239;247;239;48;2;239;247;239m▀[38;2;239;247;239;48;2;239;247;239m▀[38;2;239;247;239;48;2;239;247;239m▀[38;2;239;247;239;48;2;239;247;239m▀[38;2;239;247;239;48;2;239;247;239m▀[38;2;239;247;239;48;2;239;247;239m▀[38;2;198;231;231;48;2;198;231;231m▀[38;2;198;231;231;48;2;198;231;231m▀[38;2;0;0;0;48;2;0;0;0m▀[38;2;0;0;0;48;2;0;0;0m▀[0m [0m [0m [0m [0m [0m [0m [0m [0m
[0m [0m [0m [0m [0m [0m [0m [0m [38;2;0;0;0;48;2;0;0;0m▀[38;2;0;0;0;48;2;0;0;0m▀[38;2;198;231;231;48;2;198;231;231m▀[38;2;198;231;231;48;2;198;231;231m▀[38;2;0;0;0;48;2;0;0;0m▀[38;2;0;0;0;48;2;0;0;0m▀[38;2;0;0;0;48;2;0;0;0m▀[38;2;0;0;0;48;2;0;0;0m▀[38;2;198;231;231;48;2;198;231;231m▀[38;2;198;231;231;48;2;198;231;231m▀[38;2;198;231;231;48;2;198;231;231m▀[38;2;198;231;231;48;2;198;231;231m▀[38;2;198;231;231;48;2;198;231;231m▀[38;2;198;231;231;48;2;198;231;231m▀[38;2;0;0;0;48;2;0;0;0m▀[38;2;0;0;0;48;2;0;0;0m▀[0m [0m [0m [0m [0m [0m [0m [0m [0m
[0m [0m [0m [0m [0m [0m [38;2;0;0;0;48;2;0;0;0m▀[38;2;0;0;0;48;2;0;0;0m▀[38;2;0;0;0;48;2;0;0;0m▀[38;2;0;0;0;48;2;0;0;0m▀[38;2;255;255;255;48;2;255;255;255m▀[38;2;255;255;255;48;2;255;255;255m▀[38;2;198;140;0;48;2;198;140;0m▀[38;2;198;140;0;48;2;198;140;0m▀[38;2;198;140;0;48;2;198;140;0m▀[38;2;198;140;0;48;2;198;140;0m▀[38;2;198;140;0;48;2;198;140;0m▀[38;2;198;140;0;48;2;198;140;0m▀[38;2;156;115;0;48;2;156;115;0m▀[38;2;156;115;0;48;2;156;115;0m▀[38;2;0;0;0;48;2;0;0;0m▀[38;2;0;0;0;48;2;0;0;0m▀[38;2;0;0;0;48;2;0;0;0m▀[38;2;0;0;0;48;2;0;0;0m▀[38;2;0;0;0;48;2;0;0;0m▀[38;2;0;0;0;48;2;0;0;0m▀[0m [0m [0m [0m [0m [0m [0m
[0m [0m [0m [0m [38;2;0;0;0;48;2;0;0;0m▀[38;2;0;0;0;48;2;0;0;0m▀[38;2;239;247;239;48;2;239;247;239m▀[38;2;239;247;239;48;2;239;247;239m▀[38;2;198;231;231;48;2;198;231;231m▀[38;2;198;231;231;48;2;198;231;231m▀[38;2;0;0;0;48;2;0;0;0m▀[38;2;0;0;0;48;2;0;0;0m▀[38;2;156;115;0;48;2;156;115;0m▀[38;2;156;115;0;48;2;156;115;0m▀[38;2;156;115;0;48;2;156;115;0m▀[38;2;156;115;0;48;2;156;115;0m▀[38;2;156;115;0;48;2;156;115;0m▀[38;2;156;115;0;48;2;156;115;0m▀[38;2;0;0;0;48;2;0;0;0m▀[38;2;0;0;0;48;2;0;0;0m▀[38;2;239;247;239;48;2;239;247;239m▀[38;2;239;247;239;48;2;239;247;239m▀[38;2;198;231;231;48;2;198;231;231m▀[38;2;198;231;231;48;2;198;231;231m▀[38;2;198;231;231;48;2;198;231;231m▀[38;2;198;231;231;48;2;198;231;231m▀[38;2;0;0;0;48;2;0;0;0m▀[38;2;0;0;0;48;2;0;0;0m▀[0m [0m [0m [0m [0m
[0m [0m [0m [0m [38;2;0;0;0;48;2;0;0;0m▀[38;2;0;0;0;48;2;0;0;0m▀[38;2;0;0;0;48;2;0;0;0m▀[38;2;0;0;0;48;2;0;0;0m▀[38;2;0;0;0;48;2;0;0;0m▀[38;2;0;0;0;48;2;0;0;0m▀[38;2;0;0;0;48;2;0;0;0m▀[38;2;0;0;0;48;2;0;0;0m▀[38;2;0;0;0;48;2;0;0;0m▀[38;2;0;0;0;48;2;0;0;0m▀[38;2;0;0;0;48;2;0;0;0m▀[38;2;0;0;0;48;2;0;0;0m▀[38;2;0;0;0;48;2;0;0;0m▀[38;2;0;0;0;48;2;0;0;0m▀[38;2;0;0;0;48;2;0;0;0m▀[38;2;0;0;0;48;2;0;0;0m▀[38;2;0;0;0;48;2;0;0;0m▀[38;2;0;0;0;48;2;0;0;0m▀[38;2;0;0;0;48;2;0;0;0m▀[38;2;0;0;0;48;2;0;0;0m▀[38;2;0;0;0;48;2;0;0;0m▀[38;2;0;0;0;48;2;0;0;0m▀[38;2;0;0;0;48;2;0;0;0m▀[38;2;0;0;0;48;2;0;0;0m▀[0m [0m [0m [0m [0m
