[0m [0m [0m [0m [0m [0m [0m [0m [0m [0m [0m [0m [0m [0m [0m [0m [0m [0m [0m [0m [0m [0m [0m [0m [0m [0m [0m [0m [0m [0m [0m [0m [0m
[0m [0m [0m [0m [0m [0m [38;2;0;0;0;48;2;0;0;0m▀[38;2;0;0;0;48;2;0;0;0m▀[38;2;0;0;0;48;2;0;0;0m▀[38;2;0;0;0;48;2;0;0;0m▀[0m [0m [0m [0m [0m [0m [0m [0m [0m [0m [38;2;0;0;0;48;2;0;0;0m▀[38;2;0;0;0;48;2;0;0;0m▀[38;2;0;0;0;48;2;0;0;0m▀[38;2;0;0;0;48;2;0;0;0m▀[0m [0m [0m [0m [0m [0m [0m [0m [0m
[0m [0m [0m [0m [0m [0m [38;2;0;0;0;48;2;0;0;0m▀[38;2;0;0;0;48;2;0;0;0m▀[38;2;255;21;36;48;2;255;21;36m▀[38;2;255;21;36;48;2;255;21;36m▀[38;2;0;0;0;48;2;0;0;0m▀[38;2;0;0;0;48;2;0;0;0m▀[38;2;0;0;0;48;2;0;0;0m▀[38;2;0;0;0;48;2;0;0;0m▀[38;2;0;0;0;48;2;0;0;0m▀[38;2;0;0;0;48;2;0;0;0m▀[38;2;0;0;0;48;2;0;0;0m▀[38;2;0;0;0;48;2;0;0;0m▀[38;2;0;0;0;48;2;0;0;0m▀[38;2;0;0;0;48;2;0;0;0m▀[38;2;255;21;36;48;2;255;21;36m▀[38;2;255;21;36;48;2;255;21;36m▀[38;2;0;0;0;48;2;0;0;0m▀[38;2;0;0;0;48;2;0;0;0m▀[0m [0m [0m [0m [0m [0m [0m [0m [0m
[0m [0m [0m [0m [0m [0m [0m [0m [38;2;0;0;0;48;2;0;0;0m▀[38;2;0;0;0;48;2;0;0;0m▀[38;2;117;65;161;48;2;117;65;161m▀[38;2;117;65;161;48;2;117;65;161m▀[38;2;181;127;227;48;2;181;127;227m▀[38;2;181;127;227;48;2;181;127;227m▀[38;2;117;65;161;48;2;117;65;161m▀[38;2;117;65;161;48;2;117;65;161m▀[38;2;117;65;161;48;2;117;65;161m▀[38;2;117;65;161;48;2;117;65;161m▀[38;2;83;39;137;48;2;83;39;137m▀[38;2;83;39;137;48;2;83;39;137m▀[38;2;0;0;0;48;2;0;0;0m▀[38;2;0;0;0;48;2;0;0;0m▀[0m [0m [0m [0m [0m [0m [0m [0m [0m [0m [0m
[0m [0m [0m [0m [0m [0m [38;2;0;0;0;48;2;0;0;0m▀[38;2;0;0;0;48;2;0;0;0m▀[38;2;117;65;161;48;2;117;65;161m▀[38;2;117;65;161;48;2;117;65;161m▀[38;2;38;134;41;48;2;38;134;41m▀[38;2;38;134;41;48;2;38;134;41m▀[38;2;38;134;41;48;2;38;134;41m▀[38;2;38;134;41;48;2;38;134;41m▀[38;2;38;134;41;48;2;38;134;41m▀[38;2;38;134;41;48;2;38;134;41m▀[38;2;117;65;161;48;2;117;65;161m▀[38;2;117;65;161;48;2;117;65;161m▀[38;2;117;65;161;48;2;117;65;161m▀[38;2;117;65;161;48;2;117;65;161m▀[38;2;83;39;137;48;2;83;39;137m▀[38;2;83;39;137;48;2;83;39;137m▀[38;2;0;0;0;48;2;0;0;0m▀[38;2;0;0;0;48;2;0;0;0m▀[0m [0m [0m [0m [0m [0m [0m [0m [0m
[0m [0m [0m [0m [0m [0m [38;2;0;0;0;48;2;0;0;0m▀[38;2;0;0;0;48;2;0;0;0m▀[38;2;38;134;41;48;2;38;134;41m▀[38;2;38;134;41;48;2;38;134;41m▀[38;2;250;245;174;48;2;250;245;174m▀[38;2;250;245;174;48;2;250;245;174m▀[38;2;255;244;89;48;2;255;244;89m▀[38;2;255;244;89;48;2;255;244;89m▀[38;2;255;244;89;48;2;255;244;89m▀[38;2;255;244;89;48;2;255;244;89m▀[38;2;38;134;41;48;2;38;134;41m▀[38;2;38;134;41;48;2;38;134;41m▀[38;2;117;65;161;48;2;117;65;161m▀[38;2;117;65;161;48;2;117;65;161m▀[38;2;83;39;137;48;2;83;39;137m▀[38;2;83;39;137;48;2;83;39;137m▀[38;2;83;39;137;48;2;83;39;137m▀[38;2;83;39;137;48;2;83;39;137m▀[38;2;0;0;0;48;2;0;0;0m▀[38;2;0;0;0;48;2;0;0;0m▀[0m [0m [0m [0m [0m [0m [0m
[0m [0m [0m [0m [0m [0m [38;2;0;0;0;48;2;0;0;0m▀[38;2;0;0;0;48;2;0;0;0m▀[38;2;250;245;174;48;2;250;245;174m▀[38;2;250;245;174;48;2;250;245;174m▀[38;2;255;21;36;48;2;255;21;36m▀[38;2;255;21;36;48;2;255;21;36m▀[38;2;255;21;36;48;2;255;21;36m▀[38;2;255;21;36;48;2;255;21;36m▀[38;2;255;255;255;48;2;255;255;255m▀[38;2;255;255;255;48;2;255;255;255m▀[38;2;234;213;22;48;2;234;213;22m▀[38;2;234;213;22;48;2;234;213;22m▀[38;2;38;134;41;48;2;38;134;41m▀[38;2;38;134;41;48;2;38;134;41m▀[38;2;117;65;161;48;2;117;65;161m▀[38;2;117;65;161;48;2;117;65;161m▀[38;2;83;39;137;48;2;83;39;137m▀[38;2;83;39;137;48;2;83;39;137m▀[38;2;0;0;0;48;2;0;0;0m▀[38;2;0;0;0;48;2;0;0;0m▀[0m [0m [0m [0m [0m [0m [0m
[0m [0m [0m [0m [0m [0m [38;2;0;0;0;48;2;0;0;0m▀[38;2;0;0;0;48;2;0;0;0m▀[38;2;255;244;89;48;2;255;244;89m▀[38;2;255;244;89;48;2;255;244;89m▀[38;2;255;255;255;48;2;255;255;255m▀[38;2;255;255;255;48;2;255;255;255m▀[38;2;207;21;62;48;2;207;21;62m▀[38;2;207;21;62;48;2;207;21;62m▀[38;2;255;21;36;48;2;255;21;36m▀[38;2;255;21;36;48;2;255;21;36m▀[38;2;234;213;22;48;2;234;213;22m▀[38;2;234;213;22;48;2;234;213;22m▀[38;2;38;134;41;48;2;38;134;41m▀[38;2;38;134;41;48;2;38;134;41m▀[38;2;117;65;161;48;2;117;65;161m▀[38;2;117;65;161;48;2;117;65;161m▀[38;2;83;39;137;48;2;83;39;137m▀[38;2;83;39;137;48;2;83;39;137m▀[38;2;0;0;0;48;2;0;0;0m▀[38;2;0;0;0;48;2;0;0;0m▀[0m [0m [0m [0m [0m [0m [0m
[0m [0m [0m [0m [0m [0m [38;2;0;0;0;48;2;0;0;0m▀[38;2;0;0;0;48;2;0;0;0m▀[38;2;255;244;89;48;2;255;244;89m▀[38;2;255;244;89;48;2;255;244;89m▀[38;2;255;21;36;48;2;255;21;36m▀[38;2;255;21;36;48;2;255;21;36m▀[38;2;255;21;36;48;2;255;21;36m▀[38;2;255;21;36;48;2;255;21;36m▀[38;2;255;21;36;48;2;255;21;36m▀[38;2;255;21;36;48;2;255;21;36m▀[38;2;234;213;22;48;2;234;213;22m▀[38;2;234;213;22;48;2;234;213;22m▀[38;2;38;134;41;48;2;38;134;41m▀[38;2;38;134;41;48;2;38;134;41m▀[38;2;83;39;137;48;2;83;39;137m▀[38;2;83;39;137;48;2;83;39;137m▀[38;2;0;0;0;48;2;0;0;0m▀[38;2;0;0;0;48;2;0;0;0m▀[0m [0m [0m [0m [0m [0m [0m [0m [0m
[0m [0m [0m [0m [0m [0m [0m [0m [38;2;0;0;0;48;2;0;0;0m▀[38;2;0;0;0;48;2;0;0;0m▀[38;2;255;244;89;48;2;255;244;89m▀[38;2;255;244;89;48;2;255;244;89m▀[38;2;234;213;22;48;2;234;213;22m▀[38;2;234;213;22;48;2;234;213;22m▀[38;2;234;213;22;48;2;234;213;22m▀[38;2;234;213;22;48;2;234;213;22m▀[38;2;38;134;41;48;2;38;134;41m▀[38;2;38;134;41;48;2;38;134;41m▀[38;2;126;206;47;48;2;126;206;47m▀[38;2;126;206;47;48;2;126;206;47m▀[38;2;0;0;0;48;2;0;0;0m▀[38;2;0;0;0;48;2;0;0;0m▀[38;2;0;0;0;48;2;0;0;0m▀[38;2;0;0;0;48;2;0;0;0m▀[0m [0m [0m [0m [0m [0m [0m [0m [0m
[0m [0m [0m [0m [0m [0m [0m [0m [0m [0m [38;2;0;0;0;48;2;0;0;0m▀[38;2;0;0;0;48;2;0;0;0m▀[38;2;0;0;0;48;2;0;0;0m▀[38;2;0;0;0;48;2;0;0;0m▀[38;2;0;0;0;48;2;0;0;0m▀[38;2;0;0;0;48;2;0;0;0m▀[38;2;0;0;0;48;2;0;0;0m▀[38;2;0;0;0;48;2;0;0;0m▀[38;2;0;0;0;48;2;0;0;0m▀[38;2;0;0;0;48;2;0;0;0m▀[38;2;0;0;0;48;2;0;0;0m▀[38;2;0;0;0;48;2;0;0;0m▀[38;2;0;0;0;48;2;0;0;0m▀[38;2;0;0;0;48;2;0;0;0m▀[38;2;0;0;0;48;2;0;0;0m▀[38;2;0;0;0;48;2;0;0;0m▀[0m [0m [0m [0m [0m [0m [0m
[0m [0m [0m [0m [38;2;0;0;0;48;2;0;0;0m▀[38;2;0;0;0;48;2;0;0;0m▀[38;2;0;0;0;48;2;0;0;0m▀[38;2;0;0;0;48;2;0;0;0m▀[38;2;0;0;0;48;2;0;0;0m▀[38;2;0;0;0;48;2;0;0;0m▀[38;2;38;134;41;48;2;38;134;41m▀[38;2;38;134;41;48;2;38;134;41m▀[38;2;87;158;59;48;2;87;158;59m▀[38;2;87;158;59;48;2;87;158;59m▀[38;2;0;0;0;48;2;0;0;0m▀[38;2;0;0;0;48;2;0;0;0m▀[38;2;38;134;41;48;2;38;134;41m▀[38;2;38;134;41;48;2;38;134;41m▀[38;2;87;158;59;48;2;87;158;59m▀[38;2;87;158;59;48;2;87;158;59m▀[38;2;0;0;0;48;2;0;0;0m▀[38;2;0;0;0;48;2;0;0;0m▀[38;2;38;134;41;48;2;38;134;41m▀[38;2;38;134;41;48;2;38;134;41m▀[38;2;0;0;0;48;2;0;0;0m▀[38;2;0;0;0;48;2;0;0;0m▀[38;2;0;0;0;48;2;0;0;0m▀[38;2;0;0;0;48;2;0;0;0m▀[38;2;0;0;0;48;2;0;0;0m▀[38;2;0;0;0;48;2;0;0;0m▀[0m [0m [0m
[0m [0m [38;2;0;0;0;48;2;0;0;0m▀[38;2;0;0;0;48;2;0;0;0m▀[38;2;126;206;47;48;2;126;206;47m▀[38;2;126;206;47;48;2;126;206;47m▀[38;2;126;206;47;48;2;126;206;47m▀[38;2;126;206;47;48;2;126;206;47m▀[38;2;0;0;0;48;2;0;0;0m▀[38;2;0;0;0;48;2;0;0;0m▀[38;2;87;158;59;48;2;87;158;59m▀[38;2;87;158;59;48;2;87;158;59m▀[38;2;0;0;0;48;2;0;0;0m▀[38;2;0;0;0;48;2;0;0;0m▀[38;2;126;206;47;48;2;126;206;47m▀[38;2;126;206;47;48;2;126;206;47m▀[38;2;0;0;0;48;2;0;0;0m▀[38;2;0;0;0;48;2;0;0;0m▀[38;2;38;134;41;48;2;38;134;41m▀[38;2;38;134;41;48;2;38;134;41m▀[38;2;87;158;59;48;2;87;158;59m▀[38;2;87;158;59;48;2;87;158;59m▀[38;2;0;0;0;48;2;0;0;0m▀[38;2;0;0;0;48;2;0;0;0m▀[38;2;126;206;47;48;2;126;206;47m▀[38;2;126;206;47;48;2;126;206;47m▀[38;2;126;206;47;48;2;126;206;47m▀[38;2;126;206;47;48;2;126;206;47m▀[38;2;87;158;59;48;2;87;158;59m▀[38;2;87;158;59;48;2;87;158;59m▀[38;2;0;0;0;48;2;0;0;0m▀[38;2;0;0;0;48;2;0;0;0m▀[0m
[0m [0m [38;2;0;0;0;48;2;0;0;0m▀[38;2;0;0;0;48;2;0;0;0m▀[38;2;126;206;47;48;2;126;206;47m▀[38;2;126;206;47;48;2;126;206;47m▀[38;2;87;158;59;48;2;87;158;59m▀[38;2;87;158;59;48;2;87;158;59m▀[38;2;0;0;0;48;2;0;0;0m▀[38;2;0;0;0;48;2;0;0;0m▀[38;2;126;206;47;48;2;126;206;47m▀[38;2;126;206;47;48;2;126;206;47m▀[38;2;38;134;41;48;2;38;134;41m▀[38;2;38;134;41;48;2;38;134;41m▀[38;2;87;158;59;48;2;87;158;59m▀[38;2;87;158;59;48;2;87;158;59m▀[38;2;38;134;41;48;2;38;134;41m▀[38;2;38;134;41;48;2;38;134;41m▀[38;2;0;0;0;48;2;0;0;0m▀[38;2;0;0;0;48;2;0;0;0m▀[38;2;126;206;47;48;2;126;206;47m▀[38;2;126;206;47;48;2;126;206;47m▀[38;2;0;0;0;48;2;0;0;0m▀[38;2;0;0;0;48;2;0;0;0m▀[38;2;126;206;47;48;2;126;206;47m▀[38;2;126;206;47;48;2;126;206;47m▀[38;2;87;158;59;48;2;87;158;59m▀[38;2;87;158;59;48;2;87;158;59m▀[38;2;87;158;59;48;2;87;158;59m▀[38;2;87;158;59;48;2;87;158;59m▀[38;2;0;0;0;48;2;0;0;0m▀[38;2;0;0;0;48;2;0;0;0m▀[0m
[0m [0m [0m [0m [38;2;0;0;0;48;2;0;0;0m▀[38;2;0;0;0;48;2;0;0;0m▀[38;2;0;0;0;48;2;0;0;0m▀[38;2;0;0;0;48;2;0;0;0m▀[38;2;126;206;47;48;2;126;206;47m▀[38;2;126;206;47;48;2;126;206;47m▀[38;2;87;158;59;48;2;87;158;59m▀[38;2;87;158;59;48;2;87;158;59m▀[38;2;0;0;0;48;2;0;0;0m▀[38;2;0;0;0;48;2;0;0;0m▀[38;2;126;206;47;48;2;126;206;47m▀[38;2;126;206;47;48;2;126;206;47m▀[38;2;0;0;0;48;2;0;0;0m▀[38;2;0;0;0;48;2;0;0;0m▀[38;2;38;134;41;48;2;38;134;41m▀[38;2;38;134;41;48;2;38;134;41m▀[38;2;87;158;59;48;2;87;158;59m▀[38;2;87;158;59;48;2;87;158;59m▀[38;2;126;206;47;48;2;126;206;47m▀[38;2;126;206;47;48;2;126;206;47m▀[38;2;0;0;0;48;2;0;0;0m▀[38;2;0;0;0;48;2;0;0;0m▀[38;2;0;0;0;48;2;0;0;0m▀[38;2;0;0;0;48;2;0;0;0m▀[38;2;0;0;0;48;2;0;0;0m▀[38;2;0;0;0;48;2;0;0;0m▀[0m [0m [0m
[0m [0m [0m [0m [0m [0m [38;2;0;0;0;48;2;0;0;0m▀[38;2;0;0;0;48;2;0;0;0m▀[38;2;0;0;0;48;2;0;0;0m▀[38;2;0;0;0;48;2;0;0;0m▀[38;2;0;0;0;48;2;0;0;0m▀[38;2;0;0;0;48;2;0;0;0m▀[38;2;0;0;0;48;2;0;0;0m▀[38;2;0;0;0;48;2;0;0;0m▀[38;2;0;0;0;48;2;0;0;0m▀[38;2;0;0;0;48;2;0;0;0m▀[0m [0m [38;2;0;0;0;48;2;0;0;0m▀[38;2;0;0;0;48;2;0;0;0m▀[38;2;0;0;0;48;2;0;0;0m▀[38;2;0;0;0;48;2;0;0;0m▀[38;2;0;0;0;48;2;0;0;0m▀[38;2;0;0;0;48;2;0;0;0m▀[0m [0m [0m [0m [0m [0m [0m [0m [0m
